1A 0.00104471510558 -0.0993124050733 3.03487589531 7.1754015448
24 0.111509531942 0.130049823603 1.67369443993 0.721887738288
26 0.0444650234414 0.32060129834 6.2432462082 -1.86268242562
27 6.56520409494 -46.3828932611 105.372438014 -42.4764590363
20 0.0193801821944 -0.345857844239 4.66280452215 -1.96807518068
21 0.0103703517782 -0.106155225443 7.18840243784 -3.32258902881
22 -2.04768765365 11.1080504621 2.89273815179 -1.63948917437
23 0.506205256422 -5.2413001306 21.4895846528 -4.05538956138
28 -0.269023370103 4.42602066738 -4.5269365209 3.09236617768
1 0.000237613199646 -0.0382701779189 2.36587627323 18.2335198245
3 0.000167529705171 -0.0311365406898 2.26548769871 4.98253857482
2 4.00287403128e-05 -0.0109355852049 1.52738952265 13.6986675681
5 0.00155886645406 -0.133579461234 3.54041088746 15.8267473594
4 0.00056573268005 -0.0661573649587 3.06062048605 -3.95685439439
7 0.00606985930628 -0.319007546442 5.44180977703 -1.87399134219
6 0.00960722636347 -0.442597645538 6.3921890802 -1.26211387774
9 0.0125633783227 -0.353163080201 3.39240476487 -1.93540402651
8 0.00758881889855 -0.293239731276 3.88915975935 -7.78843564295
Z 0.000309077543589 -0.0362241232993 1.62288061084 -1.45152682137
4A 0.0289418685363 -0.966102626504 11.1513653856 -6.57060711309
11 0.0230289275009 -0.944022828316 12.8568562394 -10.2674472495
10 0.0113956701619 -0.233754102621 2.89513632567 1.63670805121
13 0.00638965034682 -0.219295693872 4.32171330227 -2.42481665755
12 0.0185057395831 -0.478762530598 4.78779031154 1.36307594949
15 0.00911014090065 -0.470359783037 8.37019970918 -6.08426799772
14 0.0315351044498 -0.591752930078 4.77778834115 -1.8526746706
17 0.0581980835739 -0.586447579978 5.25474240566 -4.24858146133
19 0.00242242598564 -0.175431697101 6.77671080606 -1.16433296037
18 0.0554264192193 -1.09077535015 10.1172840243 -3.25653341448
