chr	start	stop	window	rec_rate	callable	n_ins	theta_ins	pi_ins	tajd_ins	n_del	theta_del	pi_del	tajd_del	n_indel	pol_success
chr10	0	2000000	0	NA	1005644	0	NA	NA	NA	0	NA	NA	NA	1788	NA
chr10	2000000	4000000	1	1.61151315986	1405760	125	2.50638099516e-05	2.5283195754e-05	0.0361134537973	172	3.44878024934e-05	3.3048240622e-05	-0.17302327782	2831	0.104909925821
chr10	4000000	6000000	2	1.42191167192	1333681	709	0.000149845093977	0.000130000312945	-0.5542371459	844	0.000178376952492	0.000157119557391	-0.498974128418	2326	0.667669819433
chr10	6000000	8000000	3	1.30968924816	1380702	700	0.000142904644358	0.000129518401356	-0.392000792512	974	0.00019884160515	0.000163566679925	-0.743047047924	2391	0.700125470514
chr10	8000000	10000000	4	1.45983241142	1525807	693	0.000128021198613	0.000116552645325	-0.374875964544	948	0.000175128566068	0.000155389729397	-0.472057806051	2353	0.697407564811
chr10	10000000	12000000	5	1.92009740111	1457132	828	0.000160169455195	0.000153004236007	-0.187298668032	1141	0.000220716604321	0.000195708888564	-0.474722518332	2674	0.736350037397
chr10	12000000	14000000	6	2.65081008037	1452075	713	0.000138404030941	0.000131245939341	-0.216445166722	1017	0.000197415006265	0.000177448424532	-0.423664845499	2406	0.719035743973
chr10	14000000	16000000	7	3.58761413959	1761582	772	0.000123527227416	0.000117678314152	-0.198204693996	1141	0.000182570681971	0.00016017301195	-0.514011243181	2560	0.747265625
chr10	16000000	18000000	8	4.82176632367	1830657	785	0.00012086788802	0.000110015147567	-0.375880991788	978	0.000150584451572	0.000129125341627	-0.596888276759	2286	0.771216097988
chr10	18000000	20000000	9	6.20091933789	888480	501	0.000158941873224	0.000142739344309	-0.426068655133	600	0.000190349548771	0.000161754670306	-0.628325174923	2251	0.489115948467
chr10	20000000	20202851	10	7.30413326487	104535	19	5.12318613344e-05	5.08014188147e-05	-0.0317744158873	15	4.04462063166e-05	3.0057925701e-05	-0.947813005	50	0.68
chr11	0	2000000	11	NA	1078085	0	NA	NA	NA	0	NA	NA	NA	1768	NA
chr11	2000000	4000000	12	7.49170206709	1371989	804	0.000165178560399	0.000160086445376	-0.129061018198	1017	0.000208938552147	0.000193108038959	-0.317376877963	3093	0.588748787585
chr11	4000000	6000000	13	5.16071559269	1631820	886	0.000153041681113	0.000142446696585	-0.289901759538	1211	0.00020917999529	0.000188846293032	-0.407329132163	2718	0.771523178808
chr11	6000000	8000000	14	3.08835942732	1258135	631	0.000141367758674	0.000133355281721	-0.237105896117	853	0.00019110411751	0.000174397651662	-0.366043904585	2005	0.740149625935
chr11	8000000	10000000	15	1.47072122187	1735879	683	0.000110904587747	9.85728419526e-05	-0.465281506535	1012	0.000164327149048	0.000145877861181	-0.470288678454	2225	0.761797752809
chr11	10000000	12000000	16	0.466782192691	1452601	687	0.000133308749836	0.00012613671324	-0.225129648969	1012	0.000196373296702	0.00018169223055	-0.313162247809	2547	0.667059285434
chr11	12000000	14000000	17	0.0290083968834	1539734	762	0.000139494642716	0.00012269378313	-0.504149372481	878	0.000160730047644	0.000140242952422	-0.533744929777	2275	0.720879120879
chr11	14000000	16000000	18	0.0832317514709	1497372	483	9.09213091399e-05	8.46149119925e-05	-0.289854550744	644	0.000121228412187	0.000104896058596	-0.563638594765	1606	0.701743462017
chr11	16000000	18000000	19	1.07297298793	482926	218	0.000127240147304	0.000126542216231	-0.022796957972	267	0.000155839996927	0.000149320033123	-0.174199390589	1729	0.280508964719
chr11	18000000	20000000	20	1.95376840234	1194483	659	0.000155508344773	0.00014038665572	-0.406852135848	760	0.000179341945414	0.000164012820874	-0.357781140975	2395	0.59248434238
chr11	20000000	20315886	21	NA	82070	0	NA	NA	NA	0	NA	NA	NA	0	NA
chr12	0	2000000	22	3.68128020126	422449	271	0.000180818666403	0.000172565209055	-0.190075055979	386	0.000257549834803	0.000231955747757	-0.414810312661	2365	0.277801268499
chr12	2000000	4000000	23	NA	478810	0	NA	NA	NA	0	NA	NA	NA	2699	NA
chr12	4000000	6000000	24	1.20444243604	1416550	338	6.72563120224e-05	6.49688178655e-05	-0.141856736181	484	9.63078550854e-05	8.11720098311e-05	-0.656770315353	2146	0.383038210624
chr12	6000000	8000000	25	0.807159513633	1395811	771	0.000155695485072	0.00014417952604	-0.309616388305	1140	0.000230211223064	0.000208759978023	-0.39041463805	2599	0.735282801077
chr12	8000000	10000000	26	0.684458354565	1534523	646	0.000118660827655	0.000107833955053	-0.381730265027	884	0.000162377974686	0.000142605603792	-0.509905206427	2119	0.722038697499
chr12	10000000	12000000	27	0.951004571694	1555816	522	9.45715543293e-05	8.48091088027e-05	-0.431528481535	815	0.000147654821415	0.000118631265556	-0.822942589686	1843	0.725447639718
chr12	12000000	14000000	28	1.73293576196	1717344	813	0.000133438608928	0.000123755973729	-0.303791585275	1033	0.000169547457592	0.000146226412781	-0.576195840285	2510	0.735458167331
chr12	14000000	16000000	29	2.9491868667	1481676	832	0.000158277192203	0.000149251324354	-0.238759726526	1106	0.000210402132905	0.000195351324055	-0.29969814363	2681	0.72286460276
chr12	16000000	18000000	30	4.60905763856	1485976	844	0.000160095420368	0.000147098075962	-0.339924479911	1043	0.000197843037256	0.000174969178506	-0.484329491295	2799	0.674169346195
chr12	18000000	20000000	31	6.47246330029	1180471	658	0.000157115426451	0.000153872568884	-0.0863568607863	910	0.0002172872919	0.000199683899589	-0.339274068922	2782	0.563623292595
chr12	20000000	20466350	32	8.07995555701	253380	47	5.22845992406e-05	5.40897590887e-05	0.138579869015	46	5.11721609588e-05	5.43805642451e-05	0.251425191412	154	0.603896103896
chr13	0	2000000	33	3.79638407755	710179	384	0.000152409365722	0.000134902979612	-0.479449915334	530	0.000210356676648	0.000186935821443	-0.465463129853	2073	0.440906898215
chr13	2000000	4000000	34	3.19996104108	1304724	662	0.000143016977556	0.000137919873031	-0.149118828476	871	0.00018816886322	0.000171332868303	-0.374656050473	2266	0.67652250662
chr13	4000000	6000000	35	2.61764583748	1497563	809	0.000152269063781	0.000139718223611	-0.345079375726	1039	0.000195559403298	0.000180936066058	-0.313246712336	2519	0.733624454148
chr13	6000000	8000000	36	2.19176515483	1390659	641	0.000129922879136	0.000114587854808	-0.493796816748	883	0.000178973326486	0.000154046618035	-0.583221091029	2101	0.725368871966
chr13	8000000	10000000	37	1.93220877159	1408691	792	0.00015847388289	0.000152605279803	-0.155027821662	1187	0.000237510731048	0.000226922126921	-0.18680508823	2761	0.71676928649
chr13	10000000	12000000	38	1.82208866871	1530344	904	0.000166505131582	0.000157412148407	-0.228696984777	1205	0.000221945446412	0.000206671798869	-0.28836447856	3367	0.626373626374
chr13	12000000	14000000	39	1.86217925355	1584759	919	0.000163455877684	0.000157410618736	-0.15488638827	1380	0.000245450610669	0.000229628141035	-0.270181652748	3251	0.707167025531
chr13	14000000	16000000	40	2.02266445966	973701	532	0.000154004805878	0.000143851573586	-0.275623107345	800	0.000231586174253	0.000205401863611	-0.47333993892	2488	0.53536977492
chr13	16000000	16480340	41	NA	834	0	NA	NA	NA	0	NA	NA	NA	523	NA
chr14	0	2000000	42	3.56514160106	1005267	204	5.72001277386e-05	5.34395863304e-05	-0.273052736112	233	6.53315184466e-05	6.00102418457e-05	-0.338734207169	1743	0.250717154332
chr14	2000000	4000000	43	2.03832257405	1346381	300	6.28060582749e-05	6.22995625818e-05	-0.0336080390352	116	2.42850091996e-05	2.40488742551e-05	-0.0400641604688	2616	0.159021406728
chr14	4000000	6000000	44	1.29039404982	1499999	351	6.59575331377e-05	6.75193432585e-05	0.0987848818566	97	1.82275803828e-05	1.8926328407e-05	0.157388479878	3150	0.142222222222
chr14	6000000	8000000	45	1.17862506046	1302941	158	3.41806717784e-05	2.95970100678e-05	-0.555253216209	84	1.81720027177e-05	1.26959741563e-05	-1.23306887881	1839	0.131593257205
chr14	8000000	10000000	46	1.38848264426	1352731	23	4.79252790974e-06	3.68066331623e-06	-0.892123323062	8	1.66696622948e-06	1.2722800258e-06	-0.797994351748	2302	0.0134665508254
chr14	10000000	12000000	47	NA	1462964	0	NA	NA	NA	0	NA	NA	NA	2613	NA
chr14	12000000	14000000	48	NA	1350513	0	NA	NA	NA	0	NA	NA	NA	2194	NA
chr14	14000000	16000000	49	NA	674695	0	NA	NA	NA	0	NA	NA	NA	2322	NA
chr14	16000000	16193477	50	10.2350319103	80405	22	7.71237044967e-05	5.64903334763e-05	-1.02503168841	21	7.3618081565e-05	7.15456946576e-05	-0.107428887133	77	0.558441558442
chr15	0	2000000	51	7.33174548831	1072274	635	0.000166923009889	0.000157132853808	-0.245362867201	791	0.000207930867437	0.000182396427936	-0.514089163296	2788	0.511477761836
chr15	2000000	4000000	52	5.80726045454	1221238	737	0.000170104356327	0.00016169528057	-0.206907243075	897	0.000207033388908	0.000191798469215	-0.308157841434	2307	0.708279150412
chr15	4000000	6000000	53	4.32235689408	1298132	759	0.000164805301288	0.000157185377466	-0.193535112666	989	0.000214746301679	0.000199201216582	-0.30320735482	2554	0.68441660141
chr15	6000000	8000000	54	3.20746520563	1524057	634	0.000117256332207	0.000106744177236	-0.375049435284	805	0.000148882251462	0.000130365341012	-0.520688072241	2081	0.691494473811
chr15	8000000	10000000	55	2.08662583748	1402489	630	0.000126616219769	0.000116649756255	-0.32928752515	829	0.000166610866965	0.000145125446335	-0.539916787849	2046	0.713098729228
chr15	10000000	12000000	56	1.33391572913	1293529	579	0.000126168416204	0.000118989052023	-0.237972030204	784	0.000170839444394	0.000149082166123	-0.533134452977	1890	0.721164021164
chr15	12000000	13820886	57	0.797206631233	713348	338	0.000133556032673	0.000121908462482	-0.36374316877	446	0.000176230741338	0.000155449337048	-0.492600366652	1681	0.466389054134
chr17	0	2000000	58	4.25323921335	1244732	97	2.19656539292e-05	1.71332590385e-05	-0.903232694703	16	3.62320064812e-06	3.47147227803e-06	-0.15564584923	1287	0.0878010878011
chr17	2000000	4000000	59	3.36270517957	1140490	239	5.90683278461e-05	5.4353368889e-05	-0.3320400953	36	8.8973213492e-06	8.61587194055e-06	-0.125337060599	2472	0.111245954693
chr17	4000000	6000000	60	3.73533173482	1289374	184	4.02241774497e-05	3.81539699436e-05	-0.213511291046	28	6.12107048147e-06	6.84950910083e-06	0.464338766362	1958	0.108273748723
chr17	6000000	8000000	61	5.58975148045	1646790	218	3.73135465827e-05	3.80804633959e-05	0.0854221025814	39	6.67535925103e-06	6.34408055736e-06	-0.197464204504	2711	0.0947989671708
chr17	8000000	10000000	62	8.77508560063	1180125	238	5.68456456844e-05	5.51904069038e-05	-0.121119537705	26	6.21002852015e-06	6.27498202131e-06	0.0405991286182	2581	0.102285935684
chr17	10000000	10486032	63	11.3520483926	265600	21	2.22863774406e-05	2.0172796449e-05	-0.361921302222	3	3.18376820581e-06	4.08211794547e-06	0.753625307537	246	0.0975609756098
chr18	0	2000000	64	7.69160795567	163	123	0.212699154932	0.18585728124	-0.520516300505	25	0.0432315355553	0.0447529867614	0.136209944339	2014	0.0734856007944
chr18	2000000	4000000	65	5.12229780726	1187316	289	6.86087931235e-05	6.57387178973e-05	-0.17428608507	184	4.36817229575e-05	3.94254994591e-05	-0.404220937173	2329	0.20309145556
chr18	4000000	6000000	66	3.38244993937	1239869	258	5.86532608282e-05	6.11652054413e-05	0.178268739195	43	9.77554347136e-06	1.07014701171e-05	0.378675831088	2788	0.107962697274
chr18	6000000	8000000	67	3.02744350716	1179324	151	3.6090430946e-05	3.78450527144e-05	0.201176532165	15	3.58514214695e-06	3.16416773284e-06	-0.433317376638	2323	0.071459319845
chr18	8000000	10000000	68	NA	1024048	0	NA	NA	NA	0	NA	NA	NA	2741	NA
chr18	10000000	11572643	69	NA	665379	0	NA	NA	NA	0	NA	NA	NA	1558	NA
chr19	0	2000000	70	6.39023153271	1223809	645	0.000148557413472	0.000136510810016	-0.339257097789	869	0.000200149445438	0.000183275933452	-0.353012676282	2500	0.6056
chr19	2000000	4000000	71	5.74770645965	1291949	641	0.000139849499614	0.000128972827712	-0.325375286907	892	0.00019461116015	0.000172790754206	-0.469529163866	2449	0.625969783585
chr19	4000000	6000000	72	5.23079998299	1200174	730	0.00017144582088	0.00016163445774	-0.239515113642	956	0.000224523568166	0.00019848437766	-0.485740798053	2500	0.6744
chr19	6000000	8000000	73	4.67258400841	1261857	737	0.000164628720934	0.000153441358753	-0.284423161258	958	0.000213994999532	0.00019577245449	-0.356653530903	2423	0.699546017334
chr19	8000000	9871655	74	4.24366691044	1001109	410	0.000115438519528	9.63878427245e-05	-0.689087720151	593	0.000166963517269	0.000133862073277	-0.829191238267	1681	0.596668649613
chr1A	0	2000000	75	2.71616988852	453108	330	0.000205286536324	0.000202647167191	-0.0536160576116	400	0.000248832165242	0.000231872220077	-0.284560749073	2401	0.30403998334
chr1A	2000000	4000000	76	2.47052276538	1968995	868	0.000124257716785	0.000120860481723	-0.114482781423	1114	0.000159473613477	0.000147069417326	-0.325881972461	2688	0.737351190476
chr1A	4000000	6000000	77	2.13854466254	1701783	817	0.000135321291174	0.000127250437676	-0.249702416311	1202	0.00019908958628	0.000179010392104	-0.4226111929	2699	0.748054835124
chr1A	6000000	8000000	78	1.78207832291	1529037	782	0.000144157424865	0.000132567099423	-0.336570339311	1243	0.000229140254613	0.000204783175706	-0.445444153692	2764	0.732633863965
chr1A	8000000	10000000	79	1.43600670122	1436703	422	8.27930171986e-05	7.96047763892e-05	-0.160819236519	653	0.000128113365476	0.000114923213995	-0.430756730505	3204	0.335518102372
chr1A	10000000	12000000	80	1.21362252071	1504826	324	6.06885807594e-05	5.42919912335e-05	-0.439484611722	356	6.66825146616e-05	6.08988050865e-05	-0.361875367024	2349	0.289484887186
chr1A	12000000	14000000	81	0.978643951135	1390877	440	8.91686534475e-05	7.27749848704e-05	-0.767956200171	652	0.000132131731927	0.000101223525649	-0.978681025705	1475	0.740338983051
chr1A	14000000	16000000	82	0.753899994316	1368594	636	0.000130987767824	0.000115554626442	-0.492902905711	906	0.000186595782467	0.000155949521149	-0.687796052385	2172	0.709944751381
chr1A	16000000	18000000	83	0.569202716247	1413078	770	0.000153593503757	0.00013319188772	-0.556019426915	1024	0.000204259412789	0.000177496068493	-0.548862530701	2588	0.693199381762
chr1A	18000000	20000000	84	0.388744952397	1430374	616	0.000121389007967	0.000110593085224	-0.372022864396	852	0.000167895186344	0.000141950360719	-0.64703807357	2102	0.698382492864
chr1A	20000000	22000000	85	0.246646521848	1498123	670	0.000126059502404	0.000117385484861	-0.287911101141	1005	0.000189089253606	0.00016311990685	-0.575283411025	2390	0.700836820084
chr1A	22000000	24000000	86	0.125146143968	1547797	625	0.000113818871201	0.000101148855268	-0.465665805122	874	0.000159164309487	0.000136169767673	-0.604957064548	2206	0.679510426111
chr1A	24000000	26000000	87	0.0288299041686	1862779	693	0.000104862488246	9.20187130711e-05	-0.512546632438	873	0.00013209949818	0.000119758817619	-0.391184983952	2258	0.693534100974
chr1A	26000000	28000000	88	0.0	1059251	589	0.000156734524076	0.000143661591266	-0.348840436003	774	0.000205963534185	0.000180201809928	-0.523587449867	2716	0.501840942563
chr1A	28000000	30000000	89	0.0	1358056	745	0.000154627541726	0.000136305517825	-0.495956210561	1051	0.000218138988395	0.000190655652367	-0.527795113015	2504	0.717252396166
chr1A	30000000	32000000	90	0.0	1477353	724	0.000138134622503	0.000126171605568	-0.362458125009	974	0.000185833041875	0.000163225786432	-0.509544803927	2434	0.697617091208
chr1A	32000000	34000000	91	0.0	1421038	672	0.000133294379984	0.000126316115403	-0.219055177775	887	0.000175940647389	0.000148805235847	-0.645850041569	2187	0.71284865112
chr1A	34000000	36000000	92	0.0	1435854	723	0.000141930676341	0.000131911227157	-0.295450971896	977	0.00019179290565	0.000169097972357	-0.495629159835	2429	0.699876492384
chr1A	36000000	38000000	93	0.000976025149273	1440153	839	0.000164210750051	0.00014959302387	-0.37271616822	1097	0.000214707023606	0.000192684205666	-0.429728255704	2603	0.743757203227
chr1A	38000000	40000000	94	0.057048274145	1408260	965	0.000193149116929	0.000177961306487	-0.329344778185	1247	0.000249592693068	0.000225294820708	-0.407951274374	3063	0.722167809337
chr1A	40000000	42000000	95	0.160663339357	1344425	923	0.000193514440531	0.000182418036277	-0.240144294681	1233	0.00025850845631	0.000243586820036	-0.241882761928	3124	0.69014084507
chr1A	42000000	44000000	96	0.293507274511	1846041	712	0.000108714358791	9.95701213114e-05	-0.352012505156	926	0.00014138974191	0.000125420604931	-0.473009945667	2208	0.741847826087
chr1A	44000000	46000000	97	0.441870950099	1532140	808	0.000148648717709	0.000140165149124	-0.238931732794	1024	0.000188386493731	0.000174949657617	-0.298780698911	2539	0.721543914927
chr1A	46000000	48000000	98	0.627005874442	1316589	495	0.000105974953346	9.43706566142e-05	-0.457643951347	674	0.000144297209203	0.000123393021464	-0.606174269705	1613	0.724736515809
chr1A	48000000	50000000	99	0.835939107586	1315268	499	0.000106938613498	9.98435700037e-05	-0.277298821709	670	0.000143584911911	0.000126510138498	-0.497576482906	1565	0.74696485623
chr1A	50000000	52000000	100	1.04792166361	1428535	683	0.000134765297927	0.000127557989571	-0.223787470124	946	0.000186658816747	0.000171894909636	-0.33126937718	2232	0.729838709677
chr1A	52000000	54000000	101	1.31188247622	1475058	811	0.000154974418082	0.000147769390121	-0.194641948085	1112	0.000212492666963	0.000196994929941	-0.30556481535	2597	0.740469772815
chr1A	54000000	56000000	102	1.5976386528	1151345	737	0.000180430630186	0.00018156796479	0.0263827979672	1026	0.000251182939717	0.000240716178401	-0.174553788486	3075	0.573333333333
chr1A	56000000	58000000	103	1.8643884701	1042950	409	0.000110537102675	0.000106878010502	-0.138221140126	528	0.000142698264578	0.000133038622733	-0.28299214465	1661	0.564118001204
chr1A	58000000	60000000	104	2.09923822873	426251	80	5.29020904248e-05	4.58094310382e-05	-0.547923134166	82	5.42246426854e-05	4.77233021463e-05	-0.490305248195	921	0.175895765472
chr1A	60000000	62000000	105	NA	435768	0	NA	NA	NA	0	NA	NA	NA	656	NA
chr1A	62000000	64000000	106	NA	552	0	NA	NA	NA	0	NA	NA	NA	1432	NA
chr1A	64000000	66000000	107	3.46244473744	492618	374	0.000213997935157	0.000219578702063	0.1088370516	441	0.000252334463647	0.000242207530934	-0.16764042392	2145	0.379953379953
chr1A	66000000	68000000	108	3.80026512641	976736	776	0.000223940572246	0.000219824524043	-0.0769405836211	1066	0.000307629703626	0.000286830724717	-0.283240746786	3678	0.500815660685
chr1A	68000000	70000000	109	4.22369502721	1283604	761	0.000167109774195	0.000159595868147	-0.188212092589	1017	0.000223325414397	0.000208131086174	-0.284998271354	2634	0.675018982536
chr1A	70000000	71365269	110	4.65113087052	854553	65	2.1439892866e-05	2.07064241096e-05	-0.138975822142	65	2.1439892866e-05	1.56868715666e-05	-1.09006806062	219	0.593607305936
chr1	0	2000000	111	2.27575043463	394948	181	0.000129177511317	0.000121081895924	-0.259939837336	210	0.000149874460644	0.00014632172763	-0.0984825885613	2194	0.178213309025
chr1	2000000	4000000	112	2.13563307177	1167065	829	0.000200220131869	0.000198360845369	-0.0388798757242	1094	0.000264222948449	0.000247787578692	-0.260599653081	3018	0.63717693837
chr1	4000000	6000000	113	2.00286314067	1387926	984	0.000199837525943	0.000191683205922	-0.170914192959	1262	0.00025629568876	0.00023723015113	-0.311737299484	3159	0.710984488762
chr1	6000000	8000000	114	1.87019286716	1555249	818	0.000148252365036	0.000135886177779	-0.349224760148	1140	0.000206610875478	0.000187825736891	-0.380944147882	2621	0.747043113316
chr1	8000000	10000000	115	1.72978953567	1380347	947	0.000193379289696	0.000182170059222	-0.242770212219	1346	0.000274855885883	0.000256182722628	-0.284735144819	3214	0.713441194773
chr1	10000000	12000000	116	1.61113916925	1494866	969	0.000182713135394	0.000173590634105	-0.209120487661	1341	0.000252856877775	0.000227307823472	-0.423472912923	3248	0.711206896552
chr1	12000000	14000000	117	1.4940719173	1386681	723	0.000146963670337	0.000132045699882	-0.424832370953	984	0.000200016945521	0.000173029587991	-0.56514643615	2310	0.738961038961
chr1	14000000	16000000	118	1.37767312665	1529743	673	0.000124006613369	0.00011456344731	-0.318634512628	867	0.000159752947684	0.000135564566969	-0.634007788216	2093	0.735785953177
chr1	16000000	18000000	119	1.26872776246	1573064	722	0.000129371633789	0.000116651325057	-0.411504523621	1017	0.000182231234852	0.000157627340488	-0.565561589425	2374	0.73251895535
chr1	18000000	20000000	120	1.16887032418	1493886	813	0.000153398582228	0.000140389772573	-0.355042129487	1168	0.000220380742979	0.000196661240338	-0.450974600999	2687	0.737253442501
chr1	20000000	22000000	121	1.07359966502	1792830	848	0.000133322975867	0.000119895713246	-0.421691195734	1188	0.000186777942606	0.000166308661666	-0.45920954046	2966	0.686446392448
chr1	22000000	24000000	122	0.984642536356	1516601	904	0.000168013952968	0.000157957099288	-0.250667745876	1258	0.000233807027472	0.000208600124815	-0.451794075839	3208	0.673940149626
chr1	24000000	26000000	123	0.897969762588	1384330	697	0.000141919281847	0.000126072768624	-0.467262623968	948	0.000193026512469	0.00016630503755	-0.579794489742	2287	0.719282903367
chr1	26000000	28000000	124	0.818399237556	1436798	737	0.000144583931709	0.000131304396816	-0.384419756123	1025	0.000201083487112	0.000172759881787	-0.590035736935	2412	0.730514096186
chr1	28000000	30000000	125	0.746576366548	1505346	710	0.000132944468842	0.000114885285684	-0.568488347656	998	0.000186871239301	0.00015736196896	-0.661450002297	2315	0.737796976242
chr1	30000000	32000000	126	0.676385180594	1437764	765	0.000149976110852	0.000134302108581	-0.437469698739	1012	0.000198399770173	0.000170681697413	-0.5852158808	2435	0.72977412731
chr1	32000000	34000000	127	0.616592812995	1532761	816	0.000150059665692	0.000141330785288	-0.243535654949	1095	0.0002013668308	0.000182031331901	-0.402284345135	2628	0.727168949772
chr1	34000000	36000000	128	0.56016809741	1676374	899	0.000151160052009	0.000131336098659	-0.549198122246	1205	0.000202611638121	0.000169563970557	-0.683473470778	2908	0.723521320495
chr1	36000000	38000000	129	0.511038494167	1769974	842	0.000134089095745	0.000123903098666	-0.31806371479	1275	0.000203044652109	0.000172009663181	-0.640543701481	2945	0.718845500849
chr1	38000000	40000000	130	0.464524557656	1472653	729	0.000139532494768	0.000121524322359	-0.540160680384	1001	0.000191594001732	0.00016748505481	-0.527084461503	2336	0.740582191781
chr1	40000000	42000000	131	0.424384117196	1387626	780	0.000158442042179	0.000147021262441	-0.301744544459	1074	0.000218162504231	0.000191675339184	-0.508632394765	2580	0.718604651163
chr1	42000000	44000000	132	0.394314887996	1183940	334	7.95179234996e-05	7.26610434561e-05	-0.359625964605	100	2.38077615268e-05	1.92221689755e-05	-0.791301205505	2990	0.145150501672
chr1	44000000	46000000	133	0.365850867762	1886178	330	4.93150550483e-05	4.66607744952e-05	-0.224451500881	74	1.10585274957e-05	9.25290803887e-06	-0.665877161745	3273	0.123434158265
chr1	46000000	48000000	134	0.344000464442	1497581	265	4.9877400376e-05	4.56314831086e-05	-0.35442264335	41	7.71688081289e-06	7.18351443885e-06	-0.27569723868	2773	0.110349801659
chr1	48000000	50000000	135	0.327638164603	1588872	221	3.92059172875e-05	3.67258228347e-05	-0.262944204015	37	6.56388660469e-06	5.51202031179e-06	-0.635886351334	2389	0.107994976978
chr1	50000000	52000000	136	0.316200149709	1445988	232	4.52242687646e-05	4.21529304385e-05	-0.282426009208	38	7.40742333213e-06	7.15591583129e-06	-0.134919085971	2695	0.100185528757
chr1	52000000	54000000	137	0.311816527744	1729184	264	4.3033926708e-05	3.81835107134e-05	-0.469254327532	43	7.00931381987e-06	7.0766570274e-06	0.0384105220368	2786	0.110193826274
chr1	54000000	56000000	138	0.312515661511	1517079	269	4.9979549898e-05	4.5537648683e-05	-0.370069399095	34	6.31711783098e-06	5.32879996778e-06	-0.617911414919	2635	0.114990512334
chr1	56000000	58000000	139	0.319516405873	1862982	242	3.66146565349e-05	3.30963448583e-05	-0.399756400227	43	6.50591004545e-06	5.73782982563e-06	-0.47198744154	2688	0.106026785714
chr1	58000000	60000000	140	0.331695935968	1509334	195	3.6416442156e-05	3.24995207018e-05	-0.446507209176	28	5.22902759163e-06	4.85749274009e-06	-0.27723495435	2040	0.10931372549
chr1	60000000	62000000	141	0.348846266808	1388717	212	4.30299029291e-05	4.21744826719e-05	-0.0825991983614	42	8.52479208973e-06	8.01951881144e-06	-0.236697642152	2291	0.110868616325
chr1	62000000	64000000	142	0.374929721601	1390335	195	3.9533331395e-05	3.5943628126e-05	-0.376943504132	36	7.29846118061e-06	7.3780022346e-06	0.0431815751751	2135	0.108196721311
chr1	64000000	66000000	143	0.403180039998	1570853	280	5.02424423608e-05	4.87633152179e-05	-0.122625012895	47	8.43355282485e-06	7.63916165294e-06	-0.378078607419	2780	0.117625899281
chr1	66000000	68000000	144	0.436456522845	1508908	229	4.27780494947e-05	4.1783441019e-05	-0.0966777837547	29	5.41730757793e-06	5.48671447724e-06	0.0501083423824	2409	0.107098381071
chr1	68000000	70000000	145	0.476125716362	1411072	183	3.6555284892e-05	3.69819616053e-05	0.0484189232633	30	5.99266965443e-06	5.61349997135e-06	-0.248005855552	2430	0.0876543209877
chr1	70000000	72000000	146	0.550117015033	1377021	3	6.14085649719e-07	5.77142136616e-07	-0.160679589073	4	8.18780866292e-07	6.00074936747e-07	-0.773266912095	2468	0.00283630470016
chr1	72000000	74000000	147	0.579243948826	1351815	750	0.000156383979217	0.000147213385824	-0.245454183872	1053	0.000219563106821	0.000190406776698	-0.556294065513	2607	0.691599539701
chr1	74000000	76000000	148	0.636086177315	1593763	927	0.000163947293392	0.000156230717392	-0.197118881059	1374	0.00024300278438	0.00021873092998	-0.41863389363	3122	0.737027546445
chr1	76000000	78000000	149	0.694123892345	1363963	683	0.000141145283907	0.000126122421055	-0.445376266205	1031	0.000213061182589	0.00019179405893	-0.418134525561	2424	0.707095709571
chr1	78000000	80000000	150	0.770787081929	1430188	814	0.000160427764757	0.000144129008877	-0.42534373314	1182	0.000232955304598	0.00020816549256	-0.445892794909	2617	0.762705387849
chr1	80000000	82000000	151	0.844450378394	1416554	864	0.000171920974854	0.000161734224857	-0.248107357604	1184	0.000235595409985	0.000212747569844	-0.406358656112	2710	0.755719557196
chr1	82000000	84000000	152	0.923432037541	1441918	859	0.000167919393859	0.000154877775735	-0.325204885751	1149	0.000224609293997	0.000196989083473	-0.515235642991	2768	0.725433526012
chr1	84000000	86000000	153	1.0075280494	1190097	566	0.000134054787375	0.00012587651524	-0.25511271479	812	0.000192318882241	0.000174019428668	-0.398362481134	2027	0.679822397632
chr1	86000000	88000000	154	1.11336626626	918347	425	0.000130445882682	0.000120657293112	-0.313390762021	598	0.000183545030221	0.000163067589461	-0.466633383395	1866	0.548231511254
chr1	88000000	90000000	155	1.19047379654	1164413	579	0.000140158608023	0.000129475673919	-0.318758193565	771	0.000186636073896	0.000171674483195	-0.335569149874	2143	0.6299580028
chr1	90000000	92000000	156	1.2913481697	211	0	NA	NA	NA	1	NA	NA	NA	2310	NA
chr1	92000000	94000000	157	1.4596510329	291108	143	0.000138461857765	0.000132144843332	-0.188635331306	217	0.000210113448497	0.000198913335112	-0.221532398624	2337	0.1540436457
chr1	94000000	96000000	158	1.47102323041	132752	13	2.76026346395e-05	2.91005626637e-05	0.196849774008	26	5.52052692791e-05	6.23243658139e-05	0.500555330796	3110	0.012540192926
chr1	96000000	98000000	159	1.70192245564	286	2	NA	NA	NA	0	NA	NA	NA	3220	NA
chr1	98000000	100000000	160	1.81624547656	659	1	NA	NA	NA	0	NA	NA	NA	3713	NA
chr1	100000000	102000000	161	NA	877	0	NA	NA	NA	0	NA	NA	NA	3402	NA
chr1	102000000	104000000	162	NA	0	0	NA	NA	NA	0	NA	NA	NA	3424	NA
chr1	104000000	106000000	163	NA	0	0	NA	NA	NA	0	NA	NA	NA	3894	NA
chr1	106000000	108000000	164	NA	0	0	NA	NA	NA	0	NA	NA	NA	3778	NA
chr1	108000000	110000000	165	NA	5	0	NA	NA	NA	0	NA	NA	NA	2655	NA
chr1	110000000	112000000	166	2.67002330298	751	1	NA	NA	NA	0	NA	NA	NA	3321	NA
chr1	112000000	114000000	167	2.83146909057	1879	18	0.00270018787268	0.0026918013501	-0.0116850121011	6	0.000900062624228	0.00094115010784	0.145478293589	1790	0.0134078212291
chr1	114000000	114059860	168	NA	0	0	NA	NA	NA	0	NA	NA	NA	14	NA
chr20	0	2000000	169	3.97282184551	964014	393	0.000114909905298	0.000104147865072	-0.390977737432	587	0.000171633878905	0.000147126057243	-0.597192926396	1816	0.539647577093
chr20	2000000	4000000	170	3.11386021614	1285220	784	0.000171943928407	0.00017215565797	0.0051548376289	1110	0.000243441021087	0.000239520737388	-0.0674685218383	2860	0.662237762238
chr20	4000000	6000000	171	2.68266512858	1423485	774	0.00015326264734	0.000149732596594	-0.096416033705	1212	0.000239992672579	0.00022836467136	-0.20302844933	2694	0.73719376392
chr20	6000000	8000000	172	2.68836453658	1190106	575	0.000136185370712	0.000126264736967	-0.304640837423	740	0.000175264651004	0.000153223857017	-0.526357730487	1845	0.712737127371
chr20	8000000	10000000	173	3.15983517741	1318644	755	0.000161386664577	0.00015118401535	-0.264617754315	994	0.000212474628596	0.000193109061478	-0.381768694239	2489	0.702691844114
chr20	10000000	12000000	174	4.08248947581	1480304	811	0.000154425209407	0.000138229074995	-0.43909041788	1038	0.000197649034975	0.000172862786079	-0.525332117233	2556	0.723395931142
chr20	12000000	14000000	175	5.4768561552	1133480	701	0.000174322085865	0.00015868689439	-0.375342129988	906	0.000225300727238	0.000205770584488	-0.36301688502	2796	0.574749642346
chr20	14000000	14661763	176	6.6309353395	333007	85	7.19471873107e-05	5.92527452797e-05	-0.722190424227	101	8.5490187275e-05	7.6085013544e-05	-0.452070674698	365	0.509589041096
chr21	0	2000000	177	7.03777905839	0	100	NA	NA	NA	18	NA	NA	NA	2280	NA
chr21	2000000	4000000	178	6.83715476874	972578	571	0.000165485491497	0.000159878937054	-0.141678418392	833	0.000241417538384	0.00022509898002	-0.28301195815	2661	0.527621195039
chr21	4000000	6000000	179	6.89045865048	1063641	324	8.58614459483e-05	6.3317762686e-05	-1.09478502414	462	0.000122432061815	9.10130985529e-05	-1.07219026673	1403	0.56022808268
chr21	6000000	7693166	180	7.21080409661	754216	0	NA	NA	NA	2	NA	NA	NA	1607	NA
chr22	0	2000000	181	18.9351190513	817340	435	0.000150015025744	0.00014440939994	-0.156076341835	526	0.000181397479406	0.000159284353738	-0.509617218108	2150	0.446976744186
chr22	2000000	4000000	182	8.15496843047	445849	265	0.000167535302608	0.000153674875291	-0.344448285914	305	0.000192823650172	0.000164547095305	-0.611204779307	2027	0.281203749383
chr22	4000000	4276343	183	0.0	127334	33	7.3049595474e-05	6.79109147679e-05	-0.277349878487	47	0.000104040332948	7.82442858525e-05	-0.99519845427	161	0.496894409938
chr23	0	2000000	184	10.5062395012	444222	400	0.000253809682385	0.000232588779105	-0.349070180542	391	0.000248098964531	0.000223299919504	-0.417265579866	2268	0.348765432099
chr23	2000000	4000000	185	4.90866559934	813930	102	3.53233083996e-05	2.91761802871e-05	-0.715246568714	17	5.88721806661e-06	4.24839327318e-06	-1.04127114809	1250	0.0952
chr23	4000000	6000000	186	4.19262009942	727312	14	5.42569703991e-06	5.70232365347e-06	0.186637393823	1	3.87549788565e-07	1.37492575401e-07	-1.16439105425	2073	0.00723589001447
chr23	6000000	6655392	187	NA	287514	0	NA	NA	NA	0	NA	NA	NA	569	NA
chr24	0	2000000	188	2.64146478133	1050760	331	8.87917712062e-05	7.83543139702e-05	-0.490214163365	293	7.8598153968e-05	6.80259501393e-05	-0.560463029976	1893	0.329635499208
chr24	2000000	4000000	189	5.72935760575	1198185	623	0.000146558977257	0.000138301285958	-0.235696315266	870	0.000204665024419	0.000193195717294	-0.23465727277	2522	0.591990483743
chr24	4000000	6000000	190	10.6757109175	1326582	582	0.000123662249359	0.000116464719105	-0.243413916366	785	0.000166795301971	0.00015486574163	-0.299407382869	2613	0.523153463452
chr24	6000000	6808513	191	NA	509369	0	NA	NA	NA	0	NA	NA	NA	1033	NA
chr25LG1	0	1092960	192	NA	0	0	NA	NA	NA	0	NA	NA	NA	920	NA
chr25LG2	0	809223	193	NA	0	0	NA	NA	NA	0	NA	NA	NA	619	NA
chr26	0	2000000	194	7.87279377446	929732	79	2.39506646365e-05	1.93264521955e-05	-0.788787420367	93	2.81950862177e-05	2.58138904545e-05	-0.346415371466	1870	0.0919786096257
chr26	2000000	4000000	195	9.19652147554	870218	409	0.000132477920745	0.000111635668788	-0.656916751816	527	0.000170698934554	0.000138120260489	-0.797868332383	1918	0.488008342023
chr26	4000000	6000000	196	13.7887258906	86	114	0.373641113344	0.361077111383	-0.138505772633	19	0.0622735188906	0.0569155446756	-0.325386670083	2774	0.0479452054795
chr26	6000000	6596997	197	15.2593587048	0	39	NA	NA	NA	5	NA	NA	NA	445	NA
chr27	0	2000000	198	16.8067126761	525120	384	0.000206120374275	0.000194271384586	-0.239948919355	437	0.000234569280099	0.000214928317137	-0.349743259756	1905	0.430971128609
chr27	2000000	4000000	199	0.0	364458	113	8.73935162234e-05	9.09353211156e-05	0.16690462772	118	9.12604859678e-05	8.75561143281e-05	-0.167301836642	2440	0.0946721311475
chr27	4000000	4327975	200	NA	162109	0	NA	NA	NA	0	NA	NA	NA	248	NA
chr28	0	2000000	201	5.93545437164	789226	328	0.000117144180092	0.000105112977445	-0.428278300124	326	0.000116429886311	0.000108080575146	-0.299024133411	1993	0.328148519819
chr28	2000000	4000000	202	12.7127426499	668752	377	0.000158900225579	0.000152310415127	-0.173085633234	475	0.000200205854509	0.000179753520462	-0.426871827676	2277	0.37417654809
chr28	4000000	5101010	203	NA	475477	0	NA	NA	NA	0	NA	NA	NA	952	NA
chr2	0	2000000	204	1.49737785463	517221	377	0.000205453459269	0.000195426998069	-0.203679270914	455	0.000247961071531	0.000237819545529	-0.170869041407	2254	0.369121561668
chr2	2000000	4000000	205	1.46142208597	1217220	909	0.000210495618824	0.000212152973255	0.0329731020696	1231	0.000285060623512	0.000268597381955	-0.242013774817	3227	0.663154632786
chr2	4000000	6000000	206	1.42132410798	1391574	744	0.000150700567267	0.000143234245992	-0.207370420245	1165	0.00023597602267	0.000217035567373	-0.336310619631	2629	0.726131608977
chr2	6000000	8000000	207	1.38052234198	1579541	858	0.000153110382663	0.000147194659714	-0.161781304031	1205	0.00021503264698	0.000196236221722	-0.366282439227	2819	0.731819794253
chr2	8000000	10000000	208	1.34082338974	1648938	710	0.00012136746463	0.000111369927349	-0.344734295297	1074	0.000183589657765	0.000160881858824	-0.518173832164	2415	0.738716356108
chr2	10000000	12000000	209	1.30096081169	1663261	762	0.000129134660289	0.00012322653795	-0.191510201364	1147	0.000194379862666	0.000172103254738	-0.480178797282	2646	0.721466364324
chr2	12000000	14000000	210	1.26480136491	1502478	656	0.000123067669114	0.000106728946938	-0.555466031133	938	0.00017597175858	0.000148375935586	-0.656780539456	2261	0.704997788589
chr2	14000000	16000000	211	1.22702012361	1395469	487	9.83687211659e-05	8.90589094909e-05	-0.395516403116	751	0.000151693859539	0.000126914509142	-0.683736661776	1713	0.72270869819
chr2	16000000	18000000	212	1.19091933561	1437003	562	0.000110236876223	9.48758228795e-05	-0.582686587874	788	0.000154567007943	0.000126652484372	-0.756031551762	1838	0.734494015234
chr2	18000000	20000000	213	1.15456730375	1386486	740	0.000150440403111	0.000134042008662	-0.456231159402	1070	0.000217528690984	0.000192106253925	-0.489605133939	2548	0.710361067504
chr2	20000000	22000000	214	1.119396134	1378364	719	0.000147032460873	0.000131261637557	-0.448902126283	1001	0.000204700268893	0.000174379115195	-0.620456287153	2334	0.736932305056
chr2	22000000	24000000	215	1.08754243622	1400727	747	0.000150319512675	0.000135422158411	-0.41481451814	1039	0.000209078947348	0.000182093411418	-0.540678962762	2452	0.728384991843
chr2	24000000	26000000	216	1.05453846353	1759978	664	0.000106343046475	9.89127196626e-05	-0.292347703759	984	0.000157592707427	0.000136329455314	-0.56514643615	2279	0.723124177271
chr2	26000000	28000000	217	1.02498207231	1598387	947	0.000166999933304	0.000156980624513	-0.251276007918	1348	0.000237714794186	0.000210175699166	-0.48553744523	3166	0.724889450411
chr2	28000000	30000000	218	0.994139973397	1525525	828	0.000152988668549	0.000141945956483	-0.302204822402	1113	0.000205647811708	0.000184609439891	-0.428615438614	2604	0.745391705069
chr2	30000000	32000000	219	0.965366701147	1432817	838	0.000164854782366	0.000150950338059	-0.353143100956	1153	0.000226822868817	0.00019920272626	-0.510209563934	2703	0.736588975213
chr2	32000000	34000000	220	0.936444157891	1527389	730	0.000134716707158	0.000119915682735	-0.459833695839	987	0.000182144369815	0.000156052342644	-0.600015456159	2281	0.752740026304
chr2	34000000	36000000	221	0.910227464951	1263298	538	0.000120039651103	0.000108146338102	-0.414231972159	793	0.000176935768262	0.000157382543653	-0.462633284997	2368	0.562077702703
chr2	36000000	38000000	222	0.883082714947	1550350	997	0.000181264877599	0.000168250632709	-0.300735966771	1385	0.000251807277306	0.000225222487961	-0.442499866683	3215	0.740902021773
chr2	38000000	40000000	223	0.857135041281	1531328	929	0.000170999857236	0.000157359116435	-0.334081372761	1167	0.000214808216786	0.000184786290757	-0.585608144449	2758	0.759970993474
chr2	40000000	42000000	224	0.83324882939	1514928	796	0.000148104867696	0.000135632640106	-0.352544013845	1088	0.000202434794037	0.000177795491549	-0.509921505687	2523	0.746730083234
chr2	42000000	44000000	225	0.808375134921	1380345	837	0.00017091731784	0.000158370018479	-0.307369996355	1211	0.000247288974796	0.00022362830345	-0.400932691818	2844	0.720112517581
chr2	44000000	46000000	226	0.786363137055	1409871	822	0.000164339021738	0.000151589083421	-0.324820846442	1039	0.00020772292407	0.000190204038451	-0.353297674675	2543	0.731812819505
chr2	46000000	48000000	227	0.767620390328	1017084	626	0.000173486533069	0.000156282697967	-0.414833093556	888	0.000246095912724	0.000208966852399	-0.631789250475	2969	0.509936005389
chr2	48000000	50000000	228	NA	0	0	NA	NA	NA	0	NA	NA	NA	3415	NA
chr2	50000000	52000000	229	NA	185	0	NA	NA	NA	0	NA	NA	NA	2859	NA
chr2	52000000	54000000	230	0.697259787095	843	0	NA	NA	NA	2	NA	NA	NA	2451	NA
chr2	54000000	56000000	231	0.683258532912	370060	0	NA	NA	NA	2	NA	NA	NA	2821	NA
chr2	56000000	58000000	232	NA	1587642	0	NA	NA	NA	0	NA	NA	NA	2835	NA
chr2	58000000	60000000	233	NA	1900692	0	NA	NA	NA	0	NA	NA	NA	2973	NA
chr2	60000000	62000000	234	NA	1566690	0	NA	NA	NA	0	NA	NA	NA	2390	NA
chr2	62000000	64000000	235	NA	1675640	0	NA	NA	NA	0	NA	NA	NA	2410	NA
chr2	64000000	66000000	236	NA	1606955	0	NA	NA	NA	0	NA	NA	NA	2488	NA
chr2	66000000	68000000	237	NA	1538664	0	NA	NA	NA	0	NA	NA	NA	2594	NA
chr2	68000000	70000000	238	NA	1477328	0	NA	NA	NA	0	NA	NA	NA	2326	NA
chr2	70000000	72000000	239	NA	1396344	0	NA	NA	NA	0	NA	NA	NA	2663	NA
chr2	72000000	74000000	240	NA	1519229	0	NA	NA	NA	0	NA	NA	NA	2729	NA
chr2	74000000	76000000	241	0.563377657227	671542	377	0.000158240055955	0.000141214665572	-0.449048513658	447	0.000187621498706	0.000163715903492	-0.532259260277	1757	0.468981217985
chr2	76000000	78000000	242	0.555085428456	1170379	434	0.000104522903718	9.17066855671e-05	-0.512142876689	633	0.00015244930427	0.000118710983455	-0.925824593162	1834	0.581788440567
chr2	78000000	80000000	243	0.549560472706	1230968	270	6.18251613296e-05	5.76012237182e-05	-0.284493162338	337	7.71669606225e-05	6.76019112387e-05	-0.516976187834	912	0.665570175439
chr2	80000000	82000000	244	0.543860769892	850015	90	2.98444910547e-05	1.83835765127e-05	-1.57399387169	136	4.50983420382e-05	3.34483261441e-05	-1.06726694231	389	0.580976863753
chr2	82000000	84000000	245	0.538842980678	1455287	393	7.6118839408e-05	6.67186175937e-05	-0.515538173459	492	9.52938142207e-05	7.80710536641e-05	-0.755333059494	1405	0.629893238434
chr2	84000000	86000000	246	0.536008091335	1428748	636	0.000125472842739	0.000114358496869	-0.37057144841	846	0.000166902554964	0.000146160355633	-0.520356772358	2154	0.688022284123
chr2	86000000	88000000	247	0.53353854238	1690565	662	0.000110375929364	0.000101688208567	-0.329327517944	929	0.000154893109334	0.000132294606584	-0.611023088429	2238	0.7109025916
chr2	88000000	90000000	248	0.532093524985	1551200	807	0.000146640521364	0.000131979316522	-0.418572439432	1110	0.000201698858381	0.000181855812817	-0.412175666687	2563	0.747951619196
chr2	90000000	92000000	249	0.531592254924	1410133	668	0.000133525632473	0.000124195078725	-0.292383072475	973	0.00019449167724	0.000164437643377	-0.647229368134	2200	0.745909090909
chr2	92000000	94000000	250	0.53203950787	1609991	802	0.000140410367934	0.000127519509834	-0.384352981331	969	0.000169647938314	0.000149428752936	-0.499191851716	2429	0.729106628242
chr2	94000000	96000000	251	0.533450353533	1426194	1001	0.000197835274467	0.000181166760881	-0.352920612654	1378	0.000272344663551	0.000243138842187	-0.449464349796	3261	0.729530818767
chr2	96000000	98000000	252	0.536231762004	955917	610	0.000179869657314	0.000168523770204	-0.263848476665	881	0.000259778964088	0.000237462809891	-0.359724087436	3263	0.45694146491
chr2	98000000	100000000	253	0.539136988594	1456578	788	0.000152489776802	0.000135685725107	-0.461317341649	1089	0.000210737775301	0.000181665881481	-0.577952061781	2527	0.742777997626
chr2	100000000	102000000	254	0.543576103671	1603558	887	0.000155914750626	0.000146339052217	-0.257184457878	1147	0.000201616932321	0.000180598394321	-0.436798050037	2704	0.752218934911
chr2	102000000	104000000	255	0.548650119419	1413344	851	0.000169718794334	0.000158582467501	-0.274743888924	1206	0.000240518056365	0.000217610075634	-0.399103022467	2809	0.732289070844
chr2	104000000	106000000	256	0.554929073063	1468844	739	0.000141813319274	0.000130252806038	-0.341197982585	970	0.000186141975231	0.000162093097486	-0.541132889659	2231	0.766024204393
chr2	106000000	108000000	257	0.56225150559	1466108	904	0.000173800381067	0.000158525694883	-0.368046969547	1300	0.000249934176314	0.000228944862682	-0.351945741947	2980	0.739597315436
chr2	108000000	110000000	258	0.570285370888	1458147	916	0.000177068954247	0.000160308001579	-0.39641653935	1139	0.000220176352497	0.000193937561634	-0.499312560488	2710	0.758302583026
chr2	110000000	112000000	259	0.579306275983	1431586	1033	0.000203390721208	0.000188352013266	-0.309736784868	1411	0.000277816367497	0.000245153204025	-0.492789355484	3510	0.696296296296
chr2	112000000	114000000	260	0.589444860712	1400610	923	0.000185751673707	0.000169475029489	-0.366974186694	1238	0.000249144715113	0.000217044528343	-0.539911067641	2893	0.746975458002
chr2	114000000	116000000	261	0.600535644702	1531258	819	0.000150759187597	0.000134622712347	-0.4481229119	1170	0.000215370267995	0.000194501239469	-0.40601121353	2663	0.746901990237
chr2	116000000	118000000	262	0.612475455746	1533824	735	0.00013507036315	0.000121358190551	-0.42489884737	1007	0.000185055585976	0.000160150124958	-0.563744014811	2399	0.726135889954
chr2	118000000	120000000	263	0.6256316106	1360639	759	0.000157234237275	0.000142119757122	-0.402370760541	1032	0.000213788844358	0.000186089036107	-0.54275549034	2538	0.705673758865
chr2	120000000	122000000	264	0.638468221711	1381154	725	0.000147959944054	0.000130562063166	-0.492123014728	1053	0.000214899063571	0.000188785685929	-0.509048851391	2518	0.706115965052
chr2	122000000	124000000	265	0.65476265374	1374085	846	0.000173542169226	0.00016728069569	-0.151070936116	1149	0.00023569734331	0.00021142107389	-0.431552760131	2811	0.709711846318
chr2	124000000	126000000	266	0.669765032316	1439226	841	0.00016470821368	0.000154183750959	-0.267539168476	1292	0.000253035686176	0.000229403275021	-0.391403618312	2939	0.725757060225
chr2	126000000	128000000	267	0.685551222597	1386508	609	0.000123806421311	0.000114881566155	-0.301529277112	825	0.000167718058426	0.000149766630686	-0.448125741397	2011	0.713078070612
chr2	128000000	130000000	268	0.704734696902	1425712	659	0.000130287234862	0.000113154911924	-0.550179470104	870	0.000172002874553	0.000151311285722	-0.503730912328	2121	0.720886374352
chr2	130000000	132000000	269	0.723507961465	1407063	572	0.000114585784689	0.000105415546987	-0.334672741121	785	0.000157254966749	0.000128169175981	-0.774280613252	1893	0.716851558373
chr2	132000000	134000000	270	0.742925436281	1845640	668	0.000102018216281	9.35633224932e-05	-0.346768692291	1103	0.000168452234368	0.000148976991578	-0.48437097302	2457	0.720797720798
chr2	134000000	136000000	271	0.762795401828	1314291	931	0.000199667051365	0.000192010669431	-0.160594047076	1292	0.000277088969241	0.000248278749771	-0.435738472692	3267	0.68044077135
chr2	136000000	138000000	272	0.784898667532	1870524	532	8.01671796184e-05	6.6617977805e-05	-0.706582183734	768	0.00011573006381	9.65082793012e-05	-0.695252459637	1744	0.745412844037
chr2	138000000	140000000	273	0.806455210399	1401401	566	0.000113841934101	9.96258668816e-05	-0.522191835762	919	0.000184842292294	0.000167009562874	-0.404031625103	2107	0.704793545325
chr2	140000000	142000000	274	0.831603397069	1555783	730	0.000132258044103	0.000120961261104	-0.357489398181	981	0.000177733070226	0.00015487209233	-0.538754633623	2296	0.745209059233
chr2	142000000	144000000	275	0.855389288301	1469634	821	0.00015746434235	0.000140790514043	-0.443331098628	1229	0.000235717024053	0.000206170200773	-0.525267522904	2767	0.740874593422
chr2	144000000	146000000	276	0.880631291339	1464236	1017	0.000195775404526	0.000180701385353	-0.322529767851	1422	0.000273739061196	0.000250470121224	-0.35629191166	3288	0.741788321168
chr2	146000000	148000000	277	0.908277173284	1547195	824	0.000150117186354	0.000151217627962	0.0306913440758	1183	0.000215520183806	0.000196977858573	-0.360501231904	2769	0.724810400867
chr2	148000000	150000000	278	0.93351348071	1130141	779	0.00019429117925	0.000198279869969	0.0859389045066	1013	0.000252653356328	0.00023640273298	-0.269426382562	2655	0.674952919021
chr2	150000000	150265477	279	NA	71	0	NA	NA	NA	0	NA	NA	NA	267	NA
chr3	0	2000000	280	2.25735075485	831883	1	3.38833239555e-07	4.04915240801e-07	0.351952582697	2	6.7766647911e-07	5.25124452914e-07	-0.527780555995	2019	0.00148588410104
chr3	2000000	4000000	281	NA	1563528	0	NA	NA	NA	0	NA	NA	NA	2232	NA
chr3	4000000	6000000	282	NA	967786	0	NA	NA	NA	0	NA	NA	NA	2746	NA
chr3	6000000	8000000	283	NA	0	0	NA	NA	NA	0	NA	NA	NA	3487	NA
chr3	8000000	10000000	284	NA	0	0	NA	NA	NA	0	NA	NA	NA	2870	NA
chr3	10000000	12000000	285	NA	80916	0	NA	NA	NA	0	NA	NA	NA	2410	NA
chr3	12000000	14000000	286	NA	1352102	0	NA	NA	NA	0	NA	NA	NA	3338	NA
chr3	14000000	16000000	287	NA	1451884	0	NA	NA	NA	0	NA	NA	NA	2629	NA
chr3	16000000	18000000	288	1.32751532648	1419086	357	7.09100445075e-05	6.70928515367e-05	-0.224599257438	453	8.997829177e-05	7.89685458772e-05	-0.51118008412	2454	0.330073349633
chr3	18000000	20000000	289	1.26413992649	1678764	732	0.000122905039572	0.000110830286292	-0.411190066682	967	0.000162362258561	0.000138629560671	-0.612226905199	2255	0.753436807095
chr3	20000000	22000000	290	1.18044738214	1412341	688	0.000137308407058	0.000120527773243	-0.511401618512	931	0.000185805417109	0.000163155766877	-0.510523085723	2128	0.760808270677
chr3	22000000	24000000	291	1.09719488632	1502549	795	0.000149137460008	0.000134634369223	-0.407109248035	1102	0.000206728906829	0.000179179724448	-0.5583142668	2543	0.745969327566
chr3	24000000	26000000	292	1.02741238213	1560661	599	0.000108184863645	9.7772337288e-05	-0.402564082087	758	0.000136901713928	0.000110452524519	-0.808690131829	1839	0.73790103317
chr3	26000000	28000000	293	0.975710540404	480962	137	8.02893717579e-05	6.866720404e-05	-0.598116794413	177	0.000103731524096	8.20723554263e-05	-0.865813174759	1279	0.245504300235
chr3	28000000	30000000	294	0.858590097077	270000	22	2.29671535558e-05	1.43664717349e-05	-1.4347647341	34	3.54946918589e-05	2.12475633528e-05	-1.58530373254	477	0.117400419287
chr3	30000000	32000000	295	0.831313308033	555007	61	3.09798729044e-05	2.06540780472e-05	-1.35120436136	70	3.55506738247e-05	2.13747896779e-05	-1.62356825896	1040	0.125961538462
chr3	32000000	34000000	296	0.748991042772	1219799	291	6.72439123493e-05	5.58202406169e-05	-0.707822551076	449	0.000103754352731	8.047917817e-05	-0.937135390709	1178	0.62818336163
chr3	34000000	36000000	297	0.702826015984	1391734	654	0.000132455430514	0.000115713279451	-0.528835309317	943	0.000190986958677	0.000158772021847	-0.706445820741	2239	0.71326485038
chr3	36000000	38000000	298	0.648998443813	1430547	808	0.000159205287454	0.000144357736108	-0.390439522785	1014	0.000199794754305	0.000176947404697	-0.479013597721	2536	0.718454258675
chr3	38000000	40000000	299	0.602045466098	1514013	790	0.000147077332452	0.000132631135372	-0.411185083946	1076	0.000200323050277	0.0001707104858	-0.619291893576	2649	0.704416761042
chr3	40000000	42000000	300	0.55778827933	1399903	766	0.000154233630941	0.000146299610157	-0.215330741253	1156	0.000232759892124	0.000218962539397	-0.248370085144	2660	0.722556390977
chr3	42000000	44000000	301	0.517213928663	1436735	772	0.000151456838126	0.000134013652666	-0.482101364194	1098	0.00021541400034	0.000195252649785	-0.392115275014	2549	0.733621027854
chr3	44000000	46000000	302	0.479682721717	1480279	963	0.000183371132187	0.000171294166772	-0.275850099415	1385	0.000263726913894	0.000239208106608	-0.389666513238	3256	0.72113022113
chr3	46000000	48000000	303	0.448200469612	1447496	794	0.000154614915541	0.000141958396104	-0.342687717252	1133	0.00022062808477	0.000193306597266	-0.518845978688	2618	0.736058059587
chr3	48000000	50000000	304	0.421610325932	1359447	864	0.000179142949018	0.000168419875682	-0.25064117487	1195	0.000247772944532	0.00022647753868	-0.36013940936	2929	0.70297029703
chr3	50000000	52000000	305	0.396815331179	1454794	869	0.000168370705868	0.000152595306856	-0.392331363553	1087	0.000210608696523	0.000187373245755	-0.462204399144	2654	0.73700075358
chr3	52000000	54000000	306	0.377231295753	1486076	723	0.000137134123252	0.000124782879278	-0.376949363616	1012	0.000191949837803	0.000169467850408	-0.490615412964	2292	0.756980802792
chr3	54000000	56000000	307	0.360852565696	1326022	853	0.000181320354325	0.000165508883754	-0.365127330135	1283	0.000272724518874	0.000242962548291	-0.457331265495	2976	0.717741935484
chr3	56000000	58000000	308	0.349015388289	1433968	799	0.000157056377719	0.000150285963953	-0.180469068933	1152	0.000226444239214	0.000202169966943	-0.449152418275	2686	0.72635889799
chr3	58000000	60000000	309	0.340948667017	1474505	951	0.000181795247111	0.000164783221631	-0.391928905261	1243	0.000237614607949	0.00021669002568	-0.369022725207	3000	0.731333333333
chr3	60000000	62000000	310	0.337170615694	1448912	736	0.000143180561898	0.000127580302723	-0.456025219011	1084	0.000210880066708	0.000184788382775	-0.518350381353	2506	0.72625698324
chr3	62000000	64000000	311	0.337216875028	1429081	900	0.000177514536012	0.00016365320385	-0.32700021376	1334	0.000263115990045	0.00023608841884	-0.430508390715	3044	0.733902759527
chr3	64000000	66000000	312	0.3414618424	1419842	942	0.000187007550372	0.000183704650903	-0.0739708194017	1191	0.000236439482477	0.00020976388848	-0.472748353675	2816	0.757457386364
chr3	66000000	68000000	313	0.349280538448	1528923	824	0.000151911221259	0.000138917876729	-0.35810502897	1179	0.000217358410029	0.000190305959093	-0.521504355689	2672	0.749625748503
chr3	68000000	70000000	314	0.36172830045	1453835	597	0.000115746393681	0.000106534930392	-0.332859725365	912	0.000176818611452	0.000151103080727	-0.609057702851	2019	0.747399702823
chr3	70000000	72000000	315	0.378465990745	1434368	884	0.000173716045568	0.000164279210151	-0.227480547248	1238	0.000243281068341	0.000222588404238	-0.356430158666	3073	0.690530426294
chr3	72000000	74000000	316	0.397370440095	1486186	737	0.000139779209272	0.000129813035373	-0.29842056372	1000	0.000189659714074	0.000164214056369	-0.561980850803	2424	0.716584158416
chr3	74000000	76000000	317	0.422929300876	1936656	894	0.000130116774981	0.000116386183194	-0.441901875051	1304	0.000189790016303	0.000165782233858	-0.530132049782	3022	0.727332892124
chr3	76000000	78000000	318	0.44925359292	1701167	697	0.000115487262238	0.000104395827595	-0.401904037758	959	0.000158898543021	0.000135838639314	-0.607826643459	2262	0.732095490716
chr3	78000000	80000000	319	0.483832708242	1412095	713	0.000142322600978	0.000131741546388	-0.311139007943	1028	0.000205200047413	0.000173918520839	-0.638585992827	2463	0.706861550954
chr3	80000000	82000000	320	0.517959148546	1496614	762	0.000143513721111	0.000128560379068	-0.436144198449	1143	0.000215270581667	0.000188129935131	-0.528247904017	2643	0.72077185017
chr3	82000000	84000000	321	0.559149228746	1420877	714	0.000141641326336	0.000126626761241	-0.44363318178	1073	0.000212858743919	0.00018920116164	-0.465614702787	2471	0.723188992311
chr3	84000000	86000000	322	0.604339729009	1454766	745	0.000144348205008	0.000130243409738	-0.408989480957	1130	0.00021894425726	0.000188918065825	-0.57459172117	2608	0.718941717791
chr3	86000000	88000000	323	0.650903884449	1419995	735	0.000145897812801	0.00012886257383	-0.48869601562	1103	0.000218945969414	0.000187150399529	-0.60841745251	2837	0.647867465633
chr3	88000000	90000000	324	0.702110747819	1326760	697	0.000148077360969	0.000131650352025	-0.464235725464	1034	0.000219672871222	0.000191967452171	-0.528326733776	2471	0.700526102792
chr3	90000000	92000000	325	0.763121531595	1334421	809	0.000170884987544	0.000150429918373	-0.501135216867	1160	0.000245026681768	0.000216506279739	-0.487704516247	2819	0.698474636396
chr3	92000000	94000000	326	0.819311686584	1556371	717	0.000129853686348	0.000120391400386	-0.304964027462	1004	0.000181831382278	0.000156186545834	-0.590769167489	2441	0.705038918476
chr3	94000000	96000000	327	0.886504512207	1593534	754	0.000133370036229	0.000120628939068	-0.399871595327	1010	0.000178652170546	0.000162779543356	-0.372162739374	2480	0.711290322581
chr3	96000000	98000000	328	0.952154231003	1501018	659	0.000123750730631	0.000106061353028	-0.598073798507	848	0.000159242214833	0.00013356198751	-0.675231514801	2023	0.744933267425
chr3	98000000	100000000	329	1.02860649374	1443501	629	0.000122823597514	0.000114349181535	-0.288635073954	915	0.000178670257115	0.000157621169497	-0.493372983938	2115	0.730023640662
chr3	100000000	102000000	330	1.10329650467	1403049	844	0.000169557836096	0.00016105525969	-0.209961371666	1237	0.000248510714752	0.000231263258953	-0.290834316519	2917	0.713404182379
chr3	102000000	104000000	331	1.18180198138	1440809	787	0.00015396307526	0.000148900265132	-0.137657547421	1149	0.000224782177223	0.000202243834431	-0.420113602832	2610	0.741762452107
chr3	104000000	106000000	332	1.26589243727	1490261	761	0.000143936380671	0.000131824312371	-0.352234059776	1109	0.000209757485104	0.000181970950408	-0.55500079559	2475	0.755555555556
chr3	106000000	108000000	333	1.35639209436	1414028	716	0.000142726057803	0.000132588753919	-0.297251578313	1061	0.000211497691801	0.000192592776768	-0.374461233786	2315	0.767602591793
chr3	108000000	110000000	334	1.44821945801	1343303	920	0.000193046574656	0.000195895764709	0.0618100838964	1318	0.000276560201518	0.000256465240021	-0.304516373547	3044	0.735216819974
chr3	110000000	111636321	335	1.5314798993	859546	563	0.000184623733291	0.000180168551648	-0.100907120501	745	0.000244306716344	0.000220306019567	-0.411192498233	2059	0.635259834871
chr4A	0	2000000	336	9.44322787831	1276240	394	8.70186070468e-05	8.77949041098e-05	0.0372423278224	339	7.48713395656e-05	7.02350984966e-05	-0.258274588385	2412	0.303897180763
chr4A	2000000	4000000	337	6.09781275539	1431633	441	8.68270700752e-05	8.31586248563e-05	-0.176483573125	186	3.66209411201e-05	3.52376401082e-05	-0.156724180686	3649	0.171827898054
chr4A	4000000	6000000	338	3.39592386881	1332341	500	0.000105779831072	9.84100838101e-05	-0.291193074621	549	0.000116146254517	0.000107377283965	-0.315677975266	2398	0.437447873228
chr4A	6000000	8000000	339	1.90866516303	1529148	621	0.000114469645149	0.000105084317335	-0.34297366017	913	0.000168294341419	0.000151136794029	-0.426950731688	2323	0.660352991821
chr4A	8000000	10000000	340	0.87422744225	1359860	527	0.000109235719434	9.11858573677e-05	-0.69077696656	766	0.000158775258229	0.000132474937436	-0.69337791138	1843	0.701573521432
chr4A	10000000	12000000	341	0.432850568224	1299661	335	7.26545768165e-05	5.34714335831e-05	-1.10117098663	460	9.97644935391e-05	7.44040176631e-05	-1.06205654678	1131	0.702917771883
chr4A	12000000	14000000	342	0.828742727346	1274993	282	6.23432681853e-05	5.33460101143e-05	-0.601158237807	362	8.00293017131e-05	6.26670107208e-05	-0.905245914567	998	0.645290581162
chr4A	14000000	16000000	343	1.44427931615	1362472	373	7.71666244951e-05	6.79531106153e-05	-0.498289197629	548	0.000113370804888	8.64720812418e-05	-0.992037671944	2010	0.458208955224
chr4A	16000000	18000000	344	NA	1223709	0	NA	NA	NA	0	NA	NA	NA	2522	NA
chr4A	18000000	19934923	345	6.70977079405	755841	107	3.99026362222e-05	3.80196921115e-05	-0.194134084051	141	5.25819785732e-05	4.49760423715e-05	-0.59795007585	2040	0.121568627451
chr4	0	2000000	346	2.83211033898	333044	247	0.000209046835012	0.000203102608854	-0.118316827354	288	0.000243746916937	0.000224342097362	-0.331671654205	1706	0.313599062134
chr4	2000000	4000000	347	2.68065725728	877161	699	0.000224618808477	0.000225308214738	0.0128440427439	805	0.000258681174283	0.000244010896637	-0.237424504392	3179	0.473104749921
chr4	4000000	6000000	348	2.42306941293	1124681	763	0.000191224457263	0.000178988764955	-0.267837884441	941	0.00023583514323	0.000212378349716	-0.416565465285	3028	0.562747688243
chr4	6000000	8000000	349	2.24308569277	1085589	602	0.000156307319175	0.000148631417211	-0.20540141332	795	0.000206419134127	0.000179024813646	-0.555581434813	2375	0.588210526316
chr4	8000000	10000000	350	2.01409009523	813439	192	6.65310680574e-05	4.63270270129e-05	-1.26043318316	266	9.21732505379e-05	7.24150958559e-05	-0.892500745268	1231	0.372055239643
chr4	10000000	12000000	351	1.79117724211	1281502	636	0.000139889811423	0.000124487967204	-0.460600522909	836	0.00018388031816	0.000158555721087	-0.576637944777	2264	0.650176678445
chr4	12000000	14000000	352	1.62595471801	1587174	783	0.000139054638027	0.000128530331268	-0.316830367239	994	0.000176526577521	0.000156839501496	-0.467141325504	2385	0.745073375262
chr4	14000000	16000000	353	1.45679117545	1566166	887	0.000159637194068	0.000149110361831	-0.27613730444	1260	0.00022676760375	0.00019692743466	-0.551442305801	2968	0.723382749326
chr4	16000000	18000000	354	1.29982650574	1516289	1134	0.000210804233101	0.000198934441431	-0.235917100068	1419	0.000263784132955	0.000237279443778	-0.421151900605	3407	0.749339594952
chr4	18000000	20000000	355	1.16059545318	1509971	951	0.000177525264288	0.000164656351539	-0.303609588487	1366	0.000254994228198	0.000236452780951	-0.304755735887	3080	0.752272727273
chr4	20000000	22000000	356	1.02823628553	1471771	871	0.000166811570479	0.000164459938687	-0.0590316439149	1217	0.000233076557145	0.00021485393412	-0.32761618067	2783	0.750269493352
chr4	22000000	24000000	357	0.916523962608	1444893	900	0.000175571928606	0.000164444884955	-0.265400477202	1216	0.000237217183538	0.000212924162259	-0.429128923155	2987	0.708403080013
chr4	24000000	26000000	358	0.818608892139	1328790	692	0.000146790517222	0.000137786613147	-0.256679817765	891	0.000189003397175	0.000171838170144	-0.380317430994	2368	0.668496621622
chr4	26000000	28000000	359	0.692112696277	242134	178	0.000207210845664	0.000196520152173	-0.213951939261	213	0.000247954551272	0.00022834246196	-0.328654231372	2998	0.130420280187
chr4	28000000	30000000	360	0.648706381233	1416726	1173	0.000233378264157	0.000220512126662	-0.23099969856	1507	0.000299830387114	0.000280041521976	-0.276661840611	3761	0.712576442436
chr4	30000000	32000000	361	0.590330079276	1352116	838	0.000174694134753	0.000166826234622	-0.188572845417	1254	0.000261415805466	0.000236358574654	-0.401677420431	2978	0.702484889187
chr4	32000000	34000000	362	0.542836390702	1434974	1021	0.000200553371468	0.000186264148707	-0.298456598014	1486	0.000291892566113	0.00026037515589	-0.452608339919	3443	0.728144060412
chr4	34000000	36000000	363	0.509971678036	1609079	991	0.000173597931061	0.000157739793679	-0.382632537684	1371	0.00024016424166	0.000213891562225	-0.458497719134	3299	0.715974537739
chr4	36000000	38000000	364	0.48899872982	1478156	688	0.000131194740564	0.000115503085566	-0.500498975224	936	0.000178485867976	0.000149909396359	-0.67053661381	2244	0.723707664884
chr4	38000000	40000000	365	0.482297839071	1368495	879	0.00018104807748	0.000168198603114	-0.297196116287	1347	0.000277442275728	0.000243413769371	-0.514042465485	3069	0.72531769306
chr4	40000000	42000000	366	0.488803503489	1363684	865	0.000178793044595	0.000168112723753	-0.250131170437	1287	0.000266019246697	0.000232431529515	-0.529130913412	3065	0.702120717781
chr4	42000000	44000000	367	0.509707193234	1354405	656	0.000136522284955	0.00011776388894	-0.574877808382	886	0.000184388329985	0.000152760806406	-0.718277081496	2161	0.713558537714
chr4	44000000	46000000	368	0.541895216431	1377691	793	0.000162244365517	0.000156199566406	-0.155971903254	1135	0.000232216084315	0.000208842950002	-0.421716943913	2734	0.705193855157
chr4	46000000	48000000	369	0.596365032163	1846714	529	8.07428896154e-05	7.36699718641e-05	-0.366209637088	827	0.000126227541988	0.000108052522081	-0.602843087435	1983	0.683812405446
chr4	48000000	50000000	370	0.652488415576	1610189	794	0.000138992672156	0.000128435396812	-0.317976906403	1120	0.000196060192461	0.000170212120571	-0.552362088004	2854	0.670637701472
chr4	50000000	52000000	371	0.726988330023	1915640	545	8.01919663623e-05	6.77662762699e-05	-0.647855024486	742	0.000109178787231	8.90976109125e-05	-0.769843513519	1747	0.736691471093
chr4	52000000	54000000	372	0.810988307604	1449082	743	0.000144525376468	0.000130376552734	-0.409759966298	1096	0.000213189518989	0.000182907087674	-0.595101947006	2475	0.74303030303
chr4	54000000	56000000	373	0.921686266554	1423397	591	0.000117033364961	0.000102116719073	-0.533071435655	1005	0.000199016128234	0.000165715501275	-0.700893141382	2200	0.725454545455
chr4	56000000	58000000	374	1.03447440121	1463024	659	0.00012696447508	0.000110146770266	-0.55421018091	900	0.000173396096468	0.000153075159108	-0.490773843395	2135	0.730210772834
chr4	58000000	60000000	375	1.15860880192	1501559	815	0.000152990147995	0.000142728850131	-0.280805352551	1145	0.000214937079086	0.000191579832063	-0.455317190196	2661	0.736565201052
chr4	60000000	62000000	376	1.30998702185	1573347	732	0.000131139892123	0.000113960874492	-0.548273863386	969	0.000173599119491	0.000152447382287	-0.510329817281	2224	0.764838129496
chr4	62000000	64000000	377	1.46356483298	1742748	853	0.000137963020978	0.000123072418116	-0.451926930572	1160	0.000187616769442	0.000166464264	-0.472394328287	2673	0.753086419753
chr4	64000000	66000000	378	1.63165493881	1538432	1036	0.000189814641041	0.00018838045901	-0.0316512334981	1420	0.000260170646987	0.000247298958666	-0.207368320307	3507	0.700313658397
chr4	66000000	68000000	379	1.76095594814	491069	363	0.000208359047488	0.000197399636518	-0.219477811941	438	0.000251408437465	0.000251395693027	-0.000211740294679	2328	0.344072164948
chr4	68000000	68030631	380	NA	0	0	NA	NA	NA	0	NA	NA	NA	28	NA
chr5	0	2000000	381	NA	235	0	NA	NA	NA	0	NA	NA	NA	3523	NA
chr5	2000000	4000000	382	2.66969472441	77492	49	0.000178232733433	0.000171426863758	-0.153538134403	74	0.000269167801512	0.000232757473097	-0.551653889757	3263	0.0376953723567
chr5	4000000	6000000	383	2.32135716208	1396650	897	0.000181031068488	0.000181038462336	0.000171037307729	1246	0.000251465675959	0.00023175380186	-0.328488751957	2931	0.731149778233
chr5	6000000	8000000	384	2.07729445623	1135260	100	2.48286394148e-05	2.19333016225e-05	-0.479083535274	139	3.45118087866e-05	3.08577585288e-05	-0.437583765629	1603	0.149095446039
chr5	8000000	10000000	385	NA	675463	0	NA	NA	NA	0	NA	NA	NA	2577	NA
chr5	10000000	12000000	386	1.01705086903	73123	8	3.08378607903e-05	2.6343500533e-05	-0.491199946875	16	6.16757215805e-05	3.91553669124e-05	-1.35713834956	818	0.0293398533007
chr5	12000000	14000000	387	0.842096055546	1351017	373	7.7820904703e-05	6.66125865493e-05	-0.601076648034	470	9.80585126284e-05	7.81945047791e-05	-0.846431292287	1243	0.678197908286
chr5	14000000	16000000	388	0.589643047503	1521907	451	8.35288850969e-05	7.68046100611e-05	-0.336305423206	650	0.000120385311115	9.84740993061e-05	-0.76148771536	1473	0.747454175153
chr5	16000000	18000000	389	0.347039902847	1478591	573	0.000109233241358	0.000102935835535	-0.241090585382	783	0.000149266366463	0.000134260109438	-0.420851811642	1778	0.762654668166
chr5	18000000	20000000	390	0.147689372584	1441082	786	0.000153738312526	0.000144942261586	-0.239512978001	1079	0.000211047887042	0.000189747776506	-0.422818142714	2572	0.725116640747
chr5	20000000	22000000	391	0.0191320815687	1929375	740	0.000108109368447	0.000101480913167	-0.256623901346	1073	0.000156758584248	0.000141141970573	-0.417352823327	2500	0.7252
chr5	22000000	24000000	392	0.0	1377872	572	0.000117013349543	9.95432774139e-05	-0.624352388532	712	0.00014565298055	0.00012738178109	-0.524982935325	1747	0.734974241557
chr5	24000000	26000000	393	0.0	1290567	639	0.000139562441898	0.000140476811233	0.0274092972221	860	0.000187830516483	0.000168820126511	-0.42379185292	2114	0.70908230842
chr5	26000000	28000000	394	0.0	1351265	697	0.000145391998934	0.000131759577332	-0.392374912839	833	0.000173761169457	0.000149937475742	-0.57404796359	2084	0.734165067179
chr5	28000000	30000000	395	0.0	1355272	589	0.000122500281392	0.000109882778241	-0.430779270648	813	0.000169087824739	0.000139684525553	-0.728026859313	1917	0.731351069379
chr5	30000000	32000000	396	0.0	1393840	679	0.000137310929824	0.000124060905579	-0.403779341258	963	0.000194742894581	0.000174315861973	-0.439329078932	2298	0.71453437772
chr5	32000000	34000000	397	0.0	1457122	830	0.00016055743981	0.00015727830903	-0.085509818241	1228	0.00023754763384	0.000214564990729	-0.405423889648	2943	0.699286442406
chr5	34000000	36000000	398	0.0	1440614	615	0.000120330505791	0.000106358158835	-0.485713679639	905	0.000177071719904	0.000153110884811	-0.56667699695	2135	0.711943793911
chr5	36000000	38000000	399	0.0575776021925	1458500	540	0.00010436036365	9.12112299948e-05	-0.526785229607	754	0.000145717989244	0.000123663461018	-0.633514557903	1809	0.715312327253
chr5	38000000	40000000	400	0.232494090339	1356580	424	8.80985385395e-05	7.7641064876e-05	-0.495734633945	587	0.00012196660878	0.00010402707738	-0.615152944499	1423	0.710470836261
chr5	40000000	42000000	401	0.462803914142	1415586	666	0.000132613039033	0.000121578811289	-0.348145581826	818	0.000162879077971	0.000136952768007	-0.666417274735	1983	0.748361069087
chr5	42000000	44000000	402	0.712176762451	1538610	791	0.000144909277172	0.000132583784612	-0.356073111125	1106	0.000202616511445	0.000179563987865	-0.476670189239	2774	0.683850036049
chr5	44000000	46000000	403	0.971842542867	1356864	483	0.000100336527839	8.47077099144e-05	-0.650925896653	671	0.000139390911345	0.00011853571331	-0.626030770784	1646	0.701093560146
chr5	46000000	48000000	404	1.33696357726	1349316	619	0.000129307952857	0.000118680014248	-0.343811588149	845	0.000176518934029	0.000153933743584	-0.535723281668	2005	0.730174563591
chr5	48000000	50000000	405	1.67669798594	1572962	693	0.000124183318473	0.000105804409636	-0.619323145539	880	0.000157693102823	0.000130655279323	-0.717979339646	2089	0.752991862135
chr5	50000000	52000000	406	2.0647164459	1416368	644	0.000128161628908	0.000113975731552	-0.463079079418	893	0.000177714805302	0.000160960249997	-0.394800760404	2000	0.7685
chr5	52000000	54000000	407	2.53116866935	1436985	728	0.000142799735144	0.000129232568995	-0.397638690142	1119	0.000219495746739	0.000198405176921	-0.402574792181	2476	0.745961227787
chr5	54000000	56000000	408	3.00952113381	1459014	835	0.000161315193597	0.000159015104144	-0.0596985808276	1164	0.000224875311792	0.000205116894733	-0.368152462377	2650	0.754339622642
chr5	56000000	58000000	409	3.51641706848	1380365	880	0.000179695412737	0.000174488555373	-0.121336540245	1174	0.000239730016537	0.000222134229562	-0.307546368619	2854	0.719691660827
chr5	58000000	60000000	410	4.04270256755	1217569	801	0.0001854330712	0.00017662027238	-0.198963212991	983	0.000227566428202	0.000211953836746	-0.287364580758	2738	0.651570489408
chr5	60000000	61875929	411	4.48541741217	425854	310	0.000205186706393	0.000198251785329	-0.140884361366	394	0.0002607856849	0.000257192173349	-0.0575249565601	1460	0.482191780822
chr6	0	2000000	412	5.65667318293	994363	606	0.000171781316042	0.000158398153549	-0.325871646593	727	0.000206080885747	0.000201652504642	-0.0899357520421	3200	0.4165625
chr6	2000000	4000000	413	4.41841382022	457879	331	0.000203763093552	0.000183994829248	-0.404582299585	381	0.00023454301705	0.000216662618635	-0.318195230215	2313	0.307825335063
chr6	4000000	6000000	414	2.68067131718	1301193	488	0.00010571250427	8.4857349735e-05	-0.824463957651	696	0.000150770292975	0.000110085210467	-1.12923983813	1711	0.691992986558
chr6	6000000	8000000	415	1.73431871922	1439097	331	6.48315169253e-05	5.71374381223e-05	-0.494919210825	434	8.50056747601e-05	7.16531196116e-05	-0.65608358647	1059	0.722379603399
chr6	8000000	10000000	416	0.711995331012	1464641	326	6.2738577886e-05	4.84616690154e-05	-0.948898115817	444	8.54476336852e-05	6.29110514202e-05	-1.10174209297	1040	0.740384615385
chr6	10000000	12000000	417	0.158616042273	1412909	394	7.86014011216e-05	6.31247119837e-05	-0.82199424018	495	9.87504912569e-05	8.19697443174e-05	-0.710205708051	1214	0.732289950577
chr6	12000000	14000000	418	0.0	1327101	589	0.000125100652748	0.000117347194334	-0.259211548915	800	0.000169915996941	0.000161253740296	-0.213423094695	2033	0.683226758485
chr6	14000000	16000000	419	0.0	1348204	599	0.000125233197261	0.000112523967558	-0.424468212303	833	0.000174155681667	0.000146975258625	-0.653447015703	1994	0.71815446339
chr6	16000000	18000000	420	0.0	267370	148	0.00015602611568	0.000142046405238	-0.370648159676	220	0.000231930712498	0.000194762629355	-0.666100235123	1094	0.336380255941
chr6	18000000	20000000	421	0.0991598883931	597931	180	8.48534866527e-05	7.1474538208e-05	-0.653933334658	259	0.000122094739128	9.51614818432e-05	-0.918255035553	1247	0.352044907779
chr6	20000000	22000000	422	0.567318852244	1439128	471	9.22507151327e-05	8.12370590495e-05	-0.498857137567	634	0.000124176121856	0.000104763732658	-0.65399430141	1432	0.771648044693
chr6	22000000	24000000	423	1.26501145296	1753571	767	0.000123287846495	0.000110868501745	-0.4216691434	1015	0.000163151452663	0.000152332763138	-0.277767055669	2450	0.727346938776
chr6	24000000	26000000	424	2.28819364311	1527391	800	0.000147634554254	0.000129312354411	-0.519558234904	1143	0.00021093286939	0.000181465270551	-0.585332671924	2680	0.725
chr6	26000000	28000000	425	3.4796953851	1472816	889	0.000170138078965	0.000162452850794	-0.18915556535	1207	0.000230997369303	0.000216213094686	-0.268188120006	2877	0.728536670143
chr6	28000000	30000000	426	4.92505233774	1349457	886	0.000185064419298	0.000176839159829	-0.186117379929	1314	0.000274463484151	0.000252698132032	-0.33234723818	3193	0.689007203257
chr6	30000000	32000000	427	6.64031325985	1326252	828	0.000175975635541	0.00017398058986	-0.0474662813265	1024	0.000217631703857	0.000197116623228	-0.394872007522	2775	0.667387387387
chr6	32000000	33335914	428	8.23344002106	437055	158	0.000101898842635	9.38939998519e-05	-0.325268999899	196	0.000126406159218	0.000117689631981	-0.286273331246	1337	0.264771877337
chr7	0	2000000	429	4.45420952135	525296	322	0.000172782612101	0.00016540047997	-0.178141799443	395	0.000211953825404	0.000193174294513	-0.369888279097	2027	0.35372471633
chr7	2000000	4000000	430	4.12898166154	727943	170	6.58263545491e-05	6.11673108876e-05	-0.293341038988	190	7.35706315549e-05	7.28078984206e-05	-0.0430251981702	2679	0.13437849944
chr7	4000000	6000000	431	NA	1251227	0	NA	NA	NA	0	NA	NA	NA	3527	NA
chr7	6000000	8000000	432	NA	1368488	0	NA	NA	NA	0	NA	NA	NA	2906	NA
chr7	8000000	10000000	433	NA	1455993	0	NA	NA	NA	0	NA	NA	NA	2668	NA
chr7	10000000	12000000	434	NA	1379222	0	NA	NA	NA	0	NA	NA	NA	1450	NA
chr7	12000000	14000000	435	NA	1345165	0	NA	NA	NA	0	NA	NA	NA	1745	NA
chr7	14000000	16000000	436	0.0	1366503	92	1.89769098842e-05	1.76709223624e-05	-0.282216337663	9	1.8564368365e-06	1.68312839416e-06	-0.32104336938	2227	0.0453524921419
chr7	16000000	18000000	437	0.0	1348851	145	3.03006734725e-05	2.70171466405e-05	-0.448145728359	22	4.59734356134e-06	4.88915146455e-06	0.24318964347	1386	0.120490620491
chr7	18000000	20000000	438	0.0	1376635	170	3.48079440153e-05	3.075768469e-05	-0.482258964114	20	4.0950522371e-06	3.52881826834e-06	-0.525405404915	1630	0.116564417178
chr7	20000000	22000000	439	0.0675247477899	1473559	166	3.17532963134e-05	2.82166831246e-05	-0.461468746878	22	4.20826818611e-06	4.22178727257e-06	0.0123083240759	1714	0.109684947491
chr7	22000000	24000000	440	0.450006646822	474449	203	0.000120602069347	0.000114947743815	-0.194713724613	33	1.96052625047e-05	1.7937705245e-05	-0.335353046104	2182	0.108157653529
chr7	24000000	26000000	441	0.85654360383	0	277	NA	NA	NA	52	NA	NA	NA	3117	NA
chr7	26000000	28000000	442	1.53013539363	0	317	NA	NA	NA	48	NA	NA	NA	3081	NA
chr7	28000000	30000000	443	2.26532461688	877205	216	6.9406622344e-05	6.13551594343e-05	-0.482083801738	38	1.22104243013e-05	1.08178517954e-05	-0.453186197869	2250	0.112888888889
chr7	30000000	32000000	444	3.21642092795	1476221	191	3.64695366464e-05	3.35850440879e-05	-0.328261331058	67	1.27929788236e-05	1.0820659109e-05	-0.626899932795	1785	0.144537815126
chr7	32000000	34000000	445	4.20227467656	1577480	294	5.25329423354e-05	5.05870121967e-05	-0.154347735648	117	2.09059668478e-05	1.74562226496e-05	-0.680015321557	2485	0.165392354125
chr7	34000000	36000000	446	5.48400102999	1384917	734	0.000149389671061	0.000141703342815	-0.215345569192	932	0.000189688247178	0.000169620653307	-0.443065807629	2809	0.593093627625
chr7	36000000	37653027	447	6.57882635104	654009	301	0.000129727195127	0.000122765089906	-0.223660330904	382	0.000164637171225	0.000151430396379	-0.334822292652	1595	0.428213166144
chr8	0	2000000	448	3.17085201676	0	195	NA	NA	NA	29	NA	NA	NA	3025	NA
chr8	2000000	4000000	449	2.38507201337	0	269	NA	NA	NA	31	NA	NA	NA	2725	NA
chr8	4000000	6000000	450	1.59413489632	882705	207	6.61002369386e-05	5.49089685145e-05	-0.703292643578	54	1.72435400709e-05	1.65162170469e-05	-0.170250340765	2106	0.123931623932
chr8	6000000	8000000	451	0.946835616131	963371	59	1.72626195904e-05	1.3587157683e-05	-0.862157381705	18	5.26656190894e-06	3.27796325283e-06	-1.42056521511	661	0.116490166415
chr8	8000000	10000000	452	0.450899435387	940068	241	7.22613432739e-05	7.11650646549e-05	-0.0631124245266	46	1.37926215378e-05	1.25522834518e-05	-0.360617546279	2454	0.11695191524
chr8	10000000	12000000	453	0.196642213288	1749218	259	4.17353522897e-05	4.15614291643e-05	-0.0173470103434	47	7.57359674756e-06	7.55525581928e-06	-0.00972024922045	2410	0.126970954357
chr8	12000000	14000000	454	0.119696446673	1435422	208	4.08443504828e-05	3.98672416819e-05	-0.0993785130028	39	7.65831571552e-06	6.35059896928e-06	-0.679438163675	2376	0.103956228956
chr8	14000000	16000000	455	0.218889420214	1601961	279	4.90908465924e-05	4.60652518021e-05	-0.256709814436	38	6.68620849645e-06	6.10107500153e-06	-0.347748013559	2735	0.115904936015
chr8	16000000	18000000	456	0.453141134548	1395952	164	3.31147606355e-05	2.94385027867e-05	-0.459895703653	36	7.26909379803e-06	7.35585539663e-06	0.0472917858038	1765	0.113314447592
chr8	18000000	20000000	457	0.983347553568	1674868	203	3.41636064452e-05	3.07392645428e-05	-0.416278447062	25	4.20734069522e-06	3.98774552288e-06	-0.202007063475	1975	0.115443037975
chr8	20000000	22000000	458	1.59012158156	1577020	261	4.66499909229e-05	4.32060735471e-05	-0.307326788822	45	8.04310188326e-06	9.19455682236e-06	0.5735286515	2560	0.11953125
chr8	22000000	24000000	459	2.23215082723	1407078	61	1.22196824348e-05	1.18760483184e-05	-0.114002278761	7	1.40225864006e-06	9.83748254408e-07	-0.981291086624	1651	0.0411871592974
chr8	24000000	26000000	460	NA	1391741	0	NA	NA	NA	0	NA	NA	NA	1717	NA
chr8	26000000	28000000	461	NA	1328418	0	NA	NA	NA	0	NA	NA	NA	1852	NA
chr8	28000000	30000000	462	NA	1403318	0	NA	NA	NA	0	NA	NA	NA	1312	NA
chr8	30000000	31324166	463	7.7260965617	621174	36	1.6335690202e-05	1.41582500911e-05	-0.528137702206	48	2.17809202694e-05	1.85302770492e-05	-0.599569957438	564	0.148936170213
chr9	0	2000000	464	NA	1121958	0	NA	NA	NA	0	NA	NA	NA	2506	NA
chr9	2000000	4000000	465	1.33238080008	1133741	159	3.9530429154e-05	3.25471161403e-05	-0.731519986573	205	5.0966905513e-05	4.26116073387e-05	-0.680909298883	1580	0.230379746835
chr9	4000000	6000000	466	0.731178890488	1114449	226	5.7160562997e-05	4.56302904655e-05	-0.838656492378	319	8.06823875932e-05	6.08797427438e-05	-1.0232951508	816	0.667892156863
chr9	6000000	8000000	467	0.26889821819	1409593	619	0.000123778487632	0.000114441395122	-0.315546377881	925	0.000184967853085	0.000160486787769	-0.554293354544	2129	0.725223109441
chr9	8000000	10000000	468	0.101333118228	1447847	782	0.000152241249555	0.000139343016507	-0.354662364727	1016	0.000197796815278	0.000170318228958	-0.581933071265	2553	0.704269486878
chr9	10000000	12000000	469	0.213437689202	1427990	776	0.000153173914924	0.000140318688654	-0.351319875834	1045	0.000206271573577	0.000184595130218	-0.440222913865	2600	0.700384615385
chr9	12000000	14000000	470	0.596656774069	1630823	627	0.000108369974308	9.77517422024e-05	-0.409882672961	857	0.000148122915442	0.000132164460585	-0.451120371264	2162	0.686401480111
chr9	14000000	16000000	471	1.26357853682	1526760	629	0.000116125642429	9.97330432109e-05	-0.590528457283	871	0.000160803552553	0.000138745827077	-0.5743899255	2036	0.73673870334
chr9	16000000	18000000	472	2.33998934945	1373300	509	0.000104472170987	9.39688112001e-05	-0.420235290324	723	0.000148395637768	0.000127552917099	-0.587829154392	1678	0.73420738975
chr9	18000000	20000000	473	3.67094537658	1458752	806	0.000155740596844	0.000152101897628	-0.0978132797675	1242	0.000239987371316	0.000211962005879	-0.489363674886	2903	0.705477092663
chr9	20000000	22000000	474	5.16455403279	1609123	861	0.000150821121678	0.000143118168619	-0.213857311243	1185	0.000207576108233	0.000185151525985	-0.452667031302	2762	0.740767559739
chr9	22000000	24000000	475	7.00726318299	1054096	885	0.000236652644979	0.000230039968396	-0.117010532603	1001	0.000267671522738	0.000244380018518	-0.364484654659	3321	0.567901234568
chr9	24000000	25106277	476	8.64212721502	465381	185	0.000112049864921	0.000102462735965	-0.354975888487	223	0.000135065512851	0.000122830880278	-0.376557737791	862	0.473317865429
chrLGE22	0	773534	477	NA	162595	30	5.20070626687e-05	5.61291293673e-05	0.31067145844	2	3.46713751125e-06	3.30171349219e-06	-0.111868388138	655	0.0488549618321
chrZ	0	2000000	478	1.54143674226	441950	204	0.000130108385137	0.000128950047934	-0.0369762508969	285	0.000181769067471	0.000161092288363	-0.47387773899	1822	0.268386388584
chrZ	2000000	4000000	479	1.41267783587	1317325	686	0.000146784243607	0.000132709128447	-0.401253977956	980	0.000209691776581	0.000185084006964	-0.491534854425	2392	0.696488294314
chrZ	4000000	6000000	480	1.28570913415	1423630	678	0.000134239652729	0.000123867932864	-0.323296066852	923	0.000182748081812	0.000150179470789	-0.746362467545	2296	0.697299651568
chrZ	6000000	8000000	481	1.16180577264	1462308	548	0.000105630651872	8.29078703702e-05	-0.899433903315	691	0.000133194854824	0.000109556443073	-0.742656039738	1636	0.757334963325
chrZ	8000000	10000000	482	1.04331050483	1317198	470	0.000100576160574	8.99916657217e-05	-0.439729110582	680	0.000145514445086	0.000117530186286	-0.804715362914	1555	0.739549839228
chrZ	10000000	12000000	483	0.939291422676	1231545	521	0.000119243769216	0.000109712425834	-0.334138329014	698	0.000159754608277	0.000135328516534	-0.639839838006	1739	0.700977573318
chrZ	12000000	14000000	484	0.841841459453	1366201	502	0.000103570810689	9.07164041786e-05	-0.518744538306	703	0.000145040398236	0.000118742641668	-0.758769917864	1758	0.685437997725
chrZ	14000000	16000000	485	0.748148508533	1324220	550	0.000117071397881	9.74396844538e-05	-0.701150791942	742	0.000157939958595	0.000124315485819	-0.891076591424	1936	0.667355371901
chrZ	16000000	18000000	486	0.658075503356	1271583	473	0.000104849094704	9.33440733653e-05	-0.458506698016	633	0.000140316018917	0.000112524475812	-0.828583161269	1591	0.695160276556
chrZ	18000000	20000000	487	0.588871266368	681406	235	9.72098261211e-05	7.90702567462e-05	-0.776098997148	395	0.00016339523965	0.000133995390645	-0.751160582048	1819	0.346344145135
chrZ	20000000	22000000	488	0.51261014659	1090929	370	9.55990319935e-05	7.90489959523e-05	-0.722454585658	508	0.000131254887169	0.000106162536218	-0.799074175545	1406	0.624466571835
chrZ	22000000	24000000	489	0.454370744287	1248629	332	7.49467705175e-05	6.46603932035e-05	-0.572376763064	433	9.77468422713e-05	7.48441943755e-05	-0.97863473359	1477	0.517941773866
chrZ	24000000	26000000	490	NA	1296872	0	NA	NA	NA	0	NA	NA	NA	1696	NA
chrZ	26000000	28000000	491	NA	1075385	0	NA	NA	NA	0	NA	NA	NA	1557	NA
chrZ	28000000	30000000	492	0.295973413846	0	123	NA	NA	NA	19	NA	NA	NA	1821	NA
chrZ	30000000	32000000	493	0.269004449649	378040	138	0.000102893890676	8.59558164271e-05	-0.680268643876	32	2.38594529104e-05	2.18022041666e-05	-0.339329650043	1818	0.0935093509351
chrZ	32000000	34000000	494	0.243233682199	1237883	142	3.23338190108e-05	2.97494317229e-05	-0.330442698692	17	3.87095016326e-06	2.94645650764e-06	-0.893362641182	1801	0.0882842865075
chrZ	34000000	36000000	495	0.22335546445	205815	150	0.0002054293505	0.000168060994992	-0.75263823631	18	2.465152206e-05	2.81550753935e-05	0.534695122029	1654	0.101571946796
chrZ	36000000	38000000	496	0.212103198144	826139	150	5.11783631727e-05	4.49459218695e-05	-0.503867782491	31	1.05768617224e-05	8.74709436242e-06	-0.679497002395	1900	0.0952631578947
chrZ	38000000	40000000	497	NA	1206587	0	NA	NA	NA	0	NA	NA	NA	2053	NA
chrZ	40000000	42000000	498	0.211649772697	1247879	154	3.47853599751e-05	3.25562941515e-05	-0.265235938304	17	3.83994233492e-06	3.61033654537e-06	-0.223665790457	1922	0.0889698231009
chrZ	42000000	44000000	499	0.218360407831	1267473	95	2.11267720283e-05	1.72120348707e-05	-0.760417433503	13	2.89103196176e-06	3.44240697414e-06	0.691812968795	1924	0.0561330561331
chrZ	44000000	46000000	500	NA	1087877	0	NA	NA	NA	0	NA	NA	NA	1643	NA
chrZ	46000000	48000000	501	0.272072283753	0	112	NA	NA	NA	16	NA	NA	NA	1850	NA
chrZ	48000000	50000000	502	0.29918060344	0	194	NA	NA	NA	29	NA	NA	NA	2137	NA
chrZ	50000000	52000000	503	0.328242521323	0	68	NA	NA	NA	14	NA	NA	NA	1512	NA
chrZ	52000000	54000000	504	NA	0	0	NA	NA	NA	0	NA	NA	NA	1354	NA
chrZ	54000000	56000000	505	NA	0	0	NA	NA	NA	0	NA	NA	NA	1321	NA
chrZ	56000000	58000000	506	NA	0	0	NA	NA	NA	0	NA	NA	NA	781	NA
chrZ	58000000	60000000	507	NA	0	0	NA	NA	NA	0	NA	NA	NA	371	NA
chrZ	60000000	62000000	508	NA	0	0	NA	NA	NA	0	NA	NA	NA	283	NA
chrZ	62000000	64000000	509	NA	0	0	NA	NA	NA	0	NA	NA	NA	429	NA
chrZ	64000000	66000000	510	NA	782	0	NA	NA	NA	0	NA	NA	NA	1351	NA
chrZ	66000000	68000000	511	0.967260252306	1277	1	0.000220727965404	0.000375056670651	1.26175876487	1	0.000220727965404	0.000375056670651	1.26175876487	2259	0.000885347498893
chrZ	68000000	70000000	512	NA	499	0	NA	NA	NA	0	NA	NA	NA	1979	NA
chrZ	70000000	72000000	513	NA	0	0	NA	NA	NA	0	NA	NA	NA	2869	NA
chrZ	72000000	74000000	514	1.28877276027	772166	491	0.000179233454211	0.000168487086974	-0.250575792706	561	0.000204786085157	0.00018406868335	-0.423031544905	2703	0.389197188309
chrZ	74000000	74514349	515	1.35485043259	241303	75	8.76086119383e-05	7.26537960463e-05	-0.696405855606	89	0.0001039622195	9.37236150138e-05	-0.403551710803	277	0.592057761733
