chr	start	stop	window	rec_rate	callable	n_ins	theta_ins	pi_ins	tajd_ins	n_del	theta_del	pi_del	tajd_del
chr10	4000000	6000000	2	1.42191167192	1333681	715	0.000151113176578	0.00013117237575	-0.55225972868	838	0.000177108869891	0.000155947494586	-0.500267416707
chr10	6000000	8000000	3	1.30968924816	1380702	709	0.000144741989786	0.00013080683823	-0.402910888775	965	0.000197004259722	0.000162278243051	-0.738291202589
chr10	8000000	10000000	4	1.45983241142	1525807	701	0.000129499076807	0.000117708202938	-0.38102708227	940	0.000173650687873	0.000154234171784	-0.46829213224
chr10	10000000	12000000	5	1.92009740111	1457132	837	0.000161910427534	0.000154387631247	-0.194536797919	1132	0.000218975631982	0.000194325493323	-0.471647724641
chr10	12000000	14000000	6	2.65081008037	1452075	721	0.000139956951344	0.000132460172693	-0.224178732708	1009	0.000195862085861	0.00017623419118	-0.419773268426
chr10	14000000	16000000	7	3.58761413959	1761582	783	0.000125287330397	0.000118995909717	-0.210213378159	1130	0.000180810578989	0.000158855416384	-0.508751256279
chr10	16000000	18000000	8	4.82176632367	1830657	791	0.000121791719011	0.000110682149978	-0.381865599941	972	0.00014966062058	0.000128458339216	-0.593376727223
chr10	18000000	20000000	9	6.20091933789	888480	505	0.000160210870216	0.000143645682277	-0.432169892643	596	0.00018908055178	0.000160848332338	-0.624504512861
chr11	2000000	4000000	12	7.49170206709	1371989	812	0.000166822128165	0.000161463623826	-0.134478285194	1009	0.000207294984382	0.000191730860509	-0.314504830022
chr11	4000000	6000000	13	5.16071559269	1631820	897	0.000154941747131	0.000144101290842	-0.292989838917	1200	0.000207279929272	0.000187191698775	-0.406093807962
chr11	6000000	8000000	14	3.08835942732	1258135	636	0.000142487946936	0.00013401206004	-0.24885410485	848	0.000189983929248	0.000173740873344	-0.357983428288
chr11	8000000	10000000	15	1.47072122187	1735879	693	0.000112528373805	9.97795717086e-05	-0.474098067531	1002	0.00016270336299	0.000144671131425	-0.464234890892
chr11	10000000	12000000	16	0.466782192691	1452601	696	0.000135055152672	0.000127796168463	-0.224921754349	1003	0.000194626893866	0.000180032775328	-0.314094837666
chr11	12000000	14000000	17	0.0290083968834	1539734	769	0.000140776089565	0.000123883325575	-0.502306100017	871	0.000159448600795	0.000139053409977	-0.535610134933
chr11	14000000	16000000	18	0.0832317514709	1497372	486	9.14860377681e-05	8.49277407703e-05	-0.299580043535	641	0.000120663683558	0.000104583229819	-0.55753376328
chr11	18000000	20000000	20	1.95376840234	1194483	665	0.000156924202237	0.000141549898465	-0.409928914039	754	0.00017792608795	0.000162849578128	-0.354677126967
chr12	0	2000000	22	3.68128020126	422449	274	0.000182820349057	0.000174047792253	-0.199835304925	383	0.000255548152149	0.000230473164559	-0.409562270455
chr12	4000000	6000000	24	1.20444243604	1416550	342	6.80522447091e-05	6.54332523979e-05	-0.16052678575	480	9.55119223987e-05	8.07075752988e-05	-0.647714883064
chr12	6000000	8000000	25	0.807159513633	1395811	783	0.000158118761104	0.000146355208926	-0.3114396206	1128	0.000227787947031	0.000206584295137	-0.390005832264
chr12	8000000	10000000	26	0.684458354565	1534523	654	0.000120130311589	0.000108869764673	-0.392180357119	876	0.000160908490752	0.000141569794173	-0.503264399278
chr12	10000000	12000000	27	0.951004571694	1555816	529	9.58397552494e-05	8.55770253444e-05	-0.447664496089	808	0.000146386620494	0.000117863349015	-0.815744915377
chr12	12000000	14000000	28	1.73293576196	1717344	821	0.00013475165797	0.000124834750945	-0.308118106145	1025	0.00016823440855	0.000145147635566	-0.574850081442
chr12	14000000	16000000	29	2.9491868667	1481676	842	0.000160179562302	0.00015105937643	-0.238396913584	1096	0.000208499762806	0.000193543271979	-0.300531932315
chr12	16000000	18000000	30	4.60905763856	1485976	853	0.000161802599021	0.000148348361793	-0.348170702806	1034	0.000196135858602	0.000173718892676	-0.478777927847
chr12	18000000	20000000	31	6.47246330029	1180471	665	0.000158786867158	0.000155134331083	-0.0962460594755	903	0.000215615851193	0.00019842213739	-0.333940823978
chr13	0	2000000	33	3.79638407755	710179	388	0.000153996963282	0.000136036867206	-0.486833353104	526	0.000208769079088	0.000185801933849	-0.459902794173
chr13	2000000	4000000	34	3.19996104108	1304724	669	0.00014452924167	0.000139061473618	-0.158294541338	864	0.000186656599107	0.000170191267716	-0.36936861248
chr13	4000000	6000000	35	2.61764583748	1497563	817	0.000153774814721	0.000141032639801	-0.346918742919	1031	0.000194053652359	0.000179621649869	-0.311541839451
chr13	6000000	8000000	36	2.19176515483	1390659	649	0.000131544381528	0.000115730819175	-0.50295040295	875	0.000177351824094	0.000152903653667	-0.577241348865
chr13	8000000	10000000	37	1.93220877159	1408691	803	0.000160674909041	0.000154521952799	-0.160318945205	1176	0.000235309704897	0.000225005453925	-0.183485730145
chr13	10000000	12000000	38	1.82208866871	1530344	915	0.000168531189599	0.000159286511983	-0.229723717576	1194	0.000219919388395	0.000204797435293	-0.288125905466
chr13	12000000	14000000	39	1.86217925355	1584759	932	0.000165768093582	0.000159389999894	-0.161139980792	1367	0.000243138394771	0.000227648759876	-0.267009526198
chr13	14000000	16000000	40	2.02266445966	973701	539	0.000156031184903	0.000145381276939	-0.285366650044	793	0.000229559795229	0.000203872160258	-0.468449106766
chr15	0	2000000	51	7.33174548831	1072274	642	0.000168763106061	0.00015852193317	-0.253877347736	784	0.000206090771265	0.000181007348573	-0.509505158316
chr15	2000000	4000000	52	5.80726045454	1221238	745	0.000171950807956	0.00016327693701	-0.21113754847	889	0.000205186937279	0.000190216812775	-0.305519958069
chr15	4000000	6000000	53	4.32235689408	1298132	767	0.000166542379563	0.000158576039709	-0.200229226635	981	0.000213009223404	0.00019781055434	-0.298862625582
chr15	6000000	8000000	54	3.20746520563	1524057	639	0.000118181066688	0.00010728635892	-0.385667006985	800	0.00014795751698	0.000129823159329	-0.513109170348
chr15	8000000	10000000	55	2.08662583748	1402489	636	0.000127822088528	0.000117430323405	-0.340111406833	823	0.000165404998206	0.000144344879185	-0.533077200354
chr15	10000000	12000000	56	1.33391572913	1293529	585	0.000127475860932	0.000119835369996	-0.250669061422	778	0.000169531999666	0.00014823584815	-0.525848218114
chr15	12000000	13820886	57	0.797206631233	713348	342	0.000135136577439	0.000122830725861	-0.37983457862	442	0.000174650196573	0.000154527073669	-0.481291911188
chr19	0	2000000	70	6.39023153271	1223809	653	0.000150399986043	0.000138089143683	-0.342465402123	861	0.000198306872868	0.000181697599785	-0.350704934742
chr19	2000000	4000000	71	5.74770645965	1291949	648	0.000141376717239	0.000130125716629	-0.332949786848	885	0.000193083942525	0.000171637865288	-0.465115426769
chr19	4000000	6000000	72	5.23079998299	1200174	738	0.000173324679191	0.00016295882711	-0.250316350168	948	0.000222644709855	0.00019716000829	-0.479399739319
chr19	6000000	8000000	73	4.67258400841	1261857	745	0.000166415735544	0.000154867827838	-0.2904461704	950	0.000212207984922	0.000194345985405	-0.352534066928
chr19	8000000	9871655	74	4.24366691044	1001109	414	0.000116564748987	9.71922138349e-05	-0.693995107816	589	0.00016583728781	0.000133057702166	-0.826684384323
chr1A	0	2000000	75	2.71616988852	453108	331	0.000205908616737	0.000202867865126	-0.0615843397209	399	0.000248210084828	0.000231651522142	-0.278518692334
chr1A	2000000	4000000	76	2.47052276538	1968995	876	0.000125402949197	0.000121841479109	-0.118924003917	1106	0.000158328381064	0.000146088419941	-0.32388856713
chr1A	4000000	6000000	77	2.13854466254	1701783	827	0.000136977610527	0.000128725670602	-0.252226078149	1192	0.000197433266927	0.000177535159177	-0.422306771359
chr1A	6000000	8000000	78	1.78207832291	1529037	795	0.000146553903795	0.000134591077156	-0.341722490281	1230	0.000226743775683	0.000202759197972	-0.44325948529
chr1A	8000000	10000000	79	1.43600670122	1436703	428	8.39701691019e-05	8.03667549206e-05	-0.179226093703	647	0.000126936213572	0.000114161235463	-0.421054043141
chr1A	10000000	12000000	80	1.21362252071	1504826	327	6.12505120628e-05	5.46627282735e-05	-0.448495971514	353	6.61205833583e-05	6.05280680466e-05	-0.352868127134
chr1A	12000000	14000000	81	0.978643951135	1390877	444	8.99792775698e-05	7.318366303e-05	-0.779731940647	648	0.000131321107805	0.000100814847489	-0.971896280971
chr1A	14000000	16000000	82	0.753899994316	1368594	643	0.000132429457093	0.000116642950433	-0.498718533333	899	0.000185154093198	0.000154861197158	-0.685146251964
chr1A	16000000	18000000	83	0.569202716247	1413078	779	0.000155388752502	0.000134748772761	-0.556035117846	1015	0.000202464164043	0.000175939183452	-0.548787148984
chr1A	18000000	20000000	84	0.388744952397	1430374	623	0.000122768428512	0.000111634402868	-0.379377959084	845	0.000166515765799	0.000140909043075	-0.643882615448
chr1A	20000000	22000000	85	0.246646521848	1498123	679	0.000127752839003	0.000118741567738	-0.295153565269	996	0.000187395917006	0.000161763823974	-0.572931953828
chr1A	22000000	24000000	86	0.125146143968	1547797	633	0.000115275752752	0.000102175781721	-0.475404255081	866	0.000157707427936	0.000135142841219	-0.599115620473
chr1A	24000000	26000000	87	0.0288299041686	1862779	699	0.000105770388577	9.28578667735e-05	-0.510880829711	867	0.000131191597848	0.000118919663917	-0.391691064652
chr1A	26000000	28000000	88	0.0	1059251	594	0.000158065037863	0.000144441685682	-0.360479202425	769	0.000204633020398	0.000179421715513	-0.515722696808
chr1A	28000000	30000000	89	0.0	1358056	755	0.000156703079199	0.000137940982513	-0.501161279229	1041	0.000216063450922	0.00018902018768	-0.524322241282
chr1A	30000000	32000000	90	0.0	1477353	731	0.000139470178245	0.000127297374354	-0.365293151306	967	0.000184497486133	0.000162100017645	-0.508462426519
chr1A	32000000	34000000	91	0.0	1421038	680	0.000134881217841	0.000127556868919	-0.227222920902	879	0.000174353809532	0.000147564482331	-0.643401472918
chr1A	34000000	36000000	92	0.0	1435854	731	0.000143501140256	0.000133080529445	-0.303927560817	969	0.000190222441735	0.000167928670068	-0.49087873249
chr1A	36000000	38000000	93	0.000976025149273	1440153	847	0.000165776525975	0.000150696707773	-0.38087616365	1089	0.000213141247682	0.000191580521763	-0.423795908689
chr1A	38000000	40000000	94	0.057048274145	1408260	977	0.000195550971233	0.000180031797358	-0.332406187726	1235	0.000247190838765	0.000223224329837	-0.406290701869
chr1A	40000000	42000000	95	0.160663339357	1344425	934	0.0001958206798	0.000184426329785	-0.243694960818	1222	0.000256202217041	0.000241578526527	-0.23918302774
chr1A	42000000	44000000	96	0.293507274511	1846041	720	0.00010993586844	0.000100616457198	-0.354781876425	918	0.000140168232261	0.000124374269044	-0.471888378749
chr1A	44000000	46000000	97	0.441870950099	1532140	817	0.000150304458377	0.000141738455947	-0.238602914455	1015	0.000186730753063	0.000173376350794	-0.299575041569
chr1A	46000000	48000000	98	0.627005874442	1316589	500	0.000107045407421	9.51261975173e-05	-0.46538324689	668	0.000143012664314	0.000122561526714	-0.598346043309
chr1A	48000000	50000000	99	0.835939107586	1315268	505	0.00010822444853	0.000100899988684	-0.282878760993	664	0.000142299076879	0.000125453719818	-0.495312179062
chr1A	50000000	52000000	100	1.04792166361	1428535	691	0.000136343808005	0.000128910129314	-0.228152503705	938	0.000185080306669	0.000170542769893	-0.32896562237
chr1A	52000000	54000000	101	1.31188247622	1475058	819	0.000156503142304	0.000148846957026	-0.204814940929	1104	0.00021096394274	0.000195917363035	-0.298814965664
chr1A	54000000	56000000	102	1.5976386528	1151345	745	0.000182389171627	0.000183277635699	0.0203890766632	1018	0.000249224398276	0.000239006507492	-0.171739617835
chr1A	56000000	58000000	103	1.8643884701	1042950	413	0.000111618150134	0.000107650111904	-0.148447424774	524	0.000141617217119	0.00013226652133	-0.276023581133
chr1A	64000000	66000000	107	3.46244473744	492618	378	0.000216286683126	0.000221394991443	0.09857495274	437	0.000250045715678	0.000240391241553	-0.161274950418
chr1A	66000000	68000000	108	3.80026512641	976736	785	0.00022653782115	0.000221645842566	-0.0903994334926	1057	0.000305032454721	0.000285009406194	-0.274991021267
chr1A	68000000	70000000	109	4.22369502721	1283604	767	0.000168427328262	0.000160547137099	-0.195847304674	1011	0.00022200786033	0.000207179817222	-0.279774928712
chr1	2000000	4000000	112	2.13563307177	1167065	837	0.000202152292369	0.000199799451931	-0.0487316466278	1086	0.000262290787949	0.000246348972129	-0.25463213651
chr1	4000000	6000000	113	2.00286314067	1387926	994	0.000201868395109	0.000193385860023	-0.176008850222	1252	0.000254264819594	0.000235527497029	-0.308813466387
chr1	6000000	8000000	114	1.87019286716	1555249	827	0.000149883503526	0.000137358272398	-0.349877027351	1131	0.000204979736987	0.000186353642272	-0.380718776138
chr1	8000000	10000000	115	1.72978953567	1380347	959	0.000195829713642	0.00018437011624	-0.245094141295	1334	0.000272405461937	0.00025398266561	-0.28344028859
chr1	10000000	12000000	116	1.61113916925	1494866	980	0.000184787278314	0.00017523837905	-0.21644358006	1330	0.000250782734855	0.000225660078527	-0.419843672858
chr1	12000000	14000000	117	1.4940719173	1386681	732	0.000148793093619	0.00013351076571	-0.429873605952	975	0.000198187522238	0.000171564522163	-0.562651085451
chr1	14000000	16000000	118	1.37767312665	1529743	681	0.000125480689011	0.000115602493532	-0.329410446845	859	0.000158278872042	0.000134525520747	-0.628388726774
chr1	16000000	18000000	119	1.26872776246	1573064	731	0.000130984299584	0.000118049869554	-0.413295155017	1008	0.000180618569057	0.000156228795991	-0.565634459428
chr1	18000000	20000000	120	1.16887032418	1493886	823	0.000155285403658	0.000141876534368	-0.361525918195	1158	0.00021849392155	0.000195174478543	-0.447189816833
chr1	20000000	22000000	121	1.07359966502	1792830	858	0.000134895180771	0.000121134566139	-0.427136362856	1178	0.000185205737702	0.000165069808773	-0.455558669701
chr1	22000000	24000000	122	0.984642536356	1516601	915	0.000170058370538	0.000159487529923	-0.260318997108	1247	0.000231762609902	0.00020706969418	-0.446478875956
chr1	24000000	26000000	123	0.897969762588	1384330	704	0.000143344583099	0.000127091692086	-0.474495008174	941	0.000191601211216	0.000165286114088	-0.575214555813
chr1	26000000	28000000	124	0.818399237556	1436798	745	0.000146153363804	0.000132527877596	-0.39021138132	1017	0.000199514055018	0.000171536401007	-0.587403689845
chr1	28000000	30000000	125	0.746576366548	1505346	717	0.000134255188957	0.000115874741719	-0.572969920401	991	0.000185560519186	0.000156372512925	-0.658859965053
chr1	30000000	32000000	126	0.676385180594	1437764	772	0.000151348441278	0.00013533807393	-0.44281751682	1005	0.000197027439747	0.000169645732064	-0.582132020859
chr1	32000000	34000000	127	0.616592812995	1532761	824	0.000151530838885	0.000142426159824	-0.251560781305	1087	0.000199895657607	0.000180935957365	-0.39736295763
chr1	34000000	36000000	128	0.56016809741	1676374	907	0.000152505191515	0.000132183792927	-0.558025606439	1197	0.000201266498615	0.000168716276289	-0.677676476952
chr1	36000000	38000000	129	0.511038494167	1769974	853	0.000135840853528	0.00012502116445	-0.333505511602	1264	0.000201292894326	0.000170891597397	-0.632915711478
chr1	38000000	40000000	130	0.464524557656	1472653	735	0.000140680910363	0.000122214090739	-0.549409654072	995	0.000190445586137	0.00016679528643	-0.520168289007
chr1	40000000	42000000	131	0.424384117196	1387626	790	0.000160473350412	0.000148743249262	-0.30600491214	1064	0.000216131195997	0.000189953352363	-0.507407303099
chr1	72000000	74000000	147	0.579243948826	1351815	760	0.00015846909894	0.000148790213236	-0.255659974604	1043	0.000217477987098	0.000188829949287	-0.55182557782
chr1	74000000	76000000	148	0.636086177315	1593763	939	0.000166069588452	0.000157898402447	-0.206070568581	1362	0.00024088048932	0.000217063244925	-0.414406390797
chr1	76000000	78000000	149	0.694123892345	1363963	691	0.000142798522957	0.000127442104947	-0.450010951551	1023	0.000211407943538	0.000190474375038	-0.414788146959
chr1	78000000	80000000	150	0.770787081929	1430188	824	0.000162398621818	0.000145829190215	-0.427173784358	1172	0.000230984447537	0.000206465311222	-0.444780117154
chr1	80000000	82000000	151	0.844450378394	1416554	874	0.000173910800952	0.000163302151411	-0.255434191093	1174	0.000233605583887	0.00021117964329	-0.402246034323
chr1	82000000	84000000	152	0.923432037541	1441918	868	0.000169678735587	0.000156111512583	-0.334812364747	1140	0.000222849952269	0.000195755346625	-0.509413405813
chr1	84000000	86000000	153	1.0075280494	1190097	574	0.000135949554688	0.000127499558528	-0.259929160097	804	0.000190424114928	0.000172396385381	-0.396341589791
chr1	86000000	88000000	154	1.11336626626	918347	429	0.000131673608637	0.000121373683253	-0.326702598018	594	0.000182317304267	0.00016235119932	-0.458033779683
chr1	88000000	90000000	155	1.19047379654	1164413	583	0.000141126888562	0.000130099435238	-0.32678891026	767	0.000185667793357	0.000171050721875	-0.329546877061
chr20	0	2000000	169	3.97282184551	964014	398	0.00011637186338	0.000105086921101	-0.404852216726	582	0.000170171920822	0.000146187001215	-0.5894533128
chr20	2000000	4000000	170	3.11386021614	1285220	791	0.000173479142054	0.000173449722718	-0.000709931883985	1103	0.00024190580744	0.00023822667264	-0.063719360754
chr20	4000000	6000000	171	2.68266512858	1423485	785	0.000155440798659	0.000151629349985	-0.102647159921	1201	0.000237814521261	0.000226467917969	-0.199926378834
chr20	6000000	8000000	172	2.68836453658	1190106	580	0.000137369591327	0.00012707404126	-0.31343851617	735	0.000174080430389	0.000152414552724	-0.520913585587
chr20	8000000	10000000	173	3.15983517741	1318644	763	0.00016309672195	0.000152389400339	-0.274803658957	986	0.000210764571223	0.000191903676488	-0.374829763721
chr20	10000000	12000000	174	4.08248947581	1480304	819	0.000155948516035	0.000139302823147	-0.446882031703	1030	0.000196125728347	0.000171789037927	-0.519801652492
chr20	12000000	14000000	175	5.4768561552	1133480	706	0.000175565467362	0.000159675930483	-0.378754920526	901	0.000224057345741	0.000204781548394	-0.360272678065
chr21	2000000	4000000	178	6.83715476874	972578	578	0.000167514210307	0.000161410406699	-0.152383042236	826	0.000239388819574	0.000223567510375	-0.27670733751
chr21	4000000	6000000	179	6.89045865048	1063641	327	8.66564593367e-05	6.38224838327e-05	-1.09877690757	459	0.000121637048427	9.05083774061e-05	-1.0691938615
chr22	0	2000000	181	18.9351190513	817340	438	0.000151049612129	0.000144982504221	-0.167774043412	523	0.000180362893022	0.000158711249457	-0.501832199662
chr22	2000000	4000000	182	8.15496843047	445849	268	0.000169431928675	0.000154926184001	-0.356482587575	302	0.000190927024104	0.000163295786596	-0.603146381788
chr23	0	2000000	184	10.5062395012	444222	402	0.000255078730797	0.000233418141569	-0.354539700905	389	0.000246829916119	0.00022247055704	-0.411962953122
chr24	0	2000000	188	2.64146478133	1050760	332	8.90600242914e-05	7.84494831811e-05	-0.496852169464	292	7.83299008828e-05	6.79307809285e-05	-0.553161275791
chr24	2000000	4000000	189	5.72935760575	1198185	632	0.000148676201647	0.000140313100758	-0.235317484373	861	0.000202547800029	0.000191183902495	-0.23492476224
chr24	4000000	6000000	190	10.6757109175	1326582	589	0.000125149596001	0.000117587509618	-0.252714780472	778	0.000165307955329	0.000153742951117	-0.292861986774
chr26	2000000	4000000	195	9.19652147554	870218	412	0.000133449641435	0.000112173948911	-0.665721165683	524	0.000169727213864	0.000137581980365	-0.79174151274
chr27	0	2000000	198	16.8067126761	525120	386	0.000207193917891	0.000194822637031	-0.249234891931	435	0.000233495736483	0.000214377064691	-0.342000308182
chr28	0	2000000	201	5.93545437164	789226	330	0.000117858473873	0.000105579790566	-0.434456396614	324	0.00011571559253	0.000107613762024	-0.291939891068
chr28	2000000	4000000	202	12.7127426499	668752	381	0.000160586169617	0.000153294180015	-0.189529528629	471	0.000198519910471	0.000178769755573	-0.415700796335
chr2	0	2000000	204	1.49737785463	517221	379	0.000206543398045	0.000196139306836	-0.210241622208	453	0.000246871132755	0.000237107236762	-0.165229355293
chr2	2000000	4000000	205	1.46142208597	1217220	919	0.000212811302199	0.000214007933522	0.0235485713068	1221	0.000282744940137	0.000266742421687	-0.237164187855
chr2	4000000	6000000	206	1.42132410798	1391574	754	0.000152726112526	0.000144766021483	-0.21816080855	1155	0.000233950477411	0.000215503791882	-0.330373618444
chr2	6000000	8000000	207	1.38052234198	1579541	867	0.000154716435628	0.000148320902951	-0.173091980946	1196	0.000213426594015	0.000195109978485	-0.359613487869
chr2	8000000	10000000	208	1.34082338974	1648938	721	0.000123247805632	0.000112825409605	-0.353917934828	1063	0.000181709316764	0.000159426376569	-0.513729798075
chr2	10000000	12000000	209	1.30096081169	1663261	773	0.000130998808929	0.000124622021059	-0.203768790304	1136	0.000192515714027	0.000170707771629	-0.474619568882
chr2	12000000	14000000	210	1.26480136491	1502478	663	0.000124380891193	0.000107524124532	-0.567047340691	931	0.000174658536501	0.000147580757991	-0.649285152897
chr2	14000000	16000000	211	1.22702012361	1395469	493	9.95806561289e-05	8.98434033365e-05	-0.408663467487	745	0.000150481924576	0.000126130015296	-0.677337966272
chr2	16000000	18000000	212	1.19091933561	1437003	570	0.000111806084426	9.59819261264e-05	-0.591861159136	780	0.00015299779974	0.000125546381125	-0.751092991772
chr2	18000000	20000000	213	1.15456730375	1386486	749	0.000152270083689	0.000135571813241	-0.45900822718	1061	0.000215699010406	0.000190576449346	-0.487925509109
chr2	20000000	22000000	214	1.119396134	1378364	727	0.000148668427058	0.000132605717625	-0.452194369706	993	0.000203064302708	0.000173035035127	-0.619423048138
chr2	22000000	24000000	215	1.08754243622	1400727	754	0.000151728129259	0.000136429154289	-0.422054201357	1032	0.000207670330763	0.000181086415539	-0.536237264585
chr2	24000000	26000000	216	1.05453846353	1759978	673	0.000107784443189	9.99713453356e-05	-0.303310339739	975	0.000156151310713	0.000135270829641	-0.560084226647
chr2	26000000	28000000	217	1.02498207231	1598387	959	0.000169116088742	0.000158643485095	-0.259365316628	1336	0.000235598638748	0.000208512838584	-0.481827747466
chr2	28000000	30000000	218	0.994139973397	1525525	837	0.000154651588859	0.000143225929986	-0.309331500632	1104	0.000203984891398	0.000183329466387	-0.424237370229
chr2	30000000	32000000	219	0.965366701147	1432817	848	0.000166822023206	0.000152544547596	-0.358352214207	1143	0.000224855627977	0.000197608516723	-0.507713814842
chr2	32000000	34000000	220	0.936444157891	1527389	736	0.000135823967765	0.00012071512062	-0.465581830842	981	0.000181037109208	0.000155252904759	-0.596555134065
chr2	34000000	36000000	221	0.910227464951	1263298	544	0.000121378383272	0.000109012908652	-0.425945871652	787	0.000175597036094	0.000156515973103	-0.454894146696
chr2	36000000	38000000	222	0.883082714947	1550350	1010	0.00018362841161	0.000170195864092	-0.306415604924	1372	0.000249443743295	0.000223277256579	-0.439657479441
chr2	38000000	40000000	223	0.857135041281	1531328	939	0.000172840544612	0.000158809525904	-0.339988760133	1157	0.00021296752941	0.000183335881288	-0.582981528801
chr2	40000000	42000000	224	0.83324882939	1514928	805	0.00014977942022	0.000136973680041	-0.357935333223	1079	0.000200760241513	0.000176454451613	-0.507206482475
chr2	42000000	44000000	225	0.808375134921	1380345	848	0.000173163543045	0.00016032605121	-0.310410044783	1200	0.000245042749591	0.00022167227072	-0.399638840959
chr2	44000000	46000000	226	0.786363137055	1409871	828	0.000165538576641	0.000152529818984	-0.329019405673	1033	0.000206523369167	0.000189263302887	-0.35009560173
chr2	46000000	48000000	227	0.767620390328	1017084	633	0.000175426478327	0.000157581560825	-0.425549510811	881	0.000244155967466	0.00020766798954	-0.625801499811
chr2	74000000	76000000	241	0.563377657227	671542	381	0.000159918995541	0.000142547027274	-0.45340672266	443	0.00018594255912	0.00016238354179	-0.529255614071
chr2	76000000	78000000	242	0.555085428456	1170379	440	0.00010596792082	9.25161399584e-05	-0.530246583611	627	0.000151004287168	0.000117901529064	-0.91704620633
chr2	78000000	80000000	243	0.549560472706	1230968	272	6.22831254876e-05	5.78363831083e-05	-0.297315010804	334	7.64800143855e-05	6.72855149683e-05	-0.50138304912
chr2	82000000	84000000	245	0.538842980678	1455287	398	7.70872724793e-05	6.7441933049e-05	-0.52237213692	487	9.43253811493e-05	7.73477382088e-05	-0.752193291744
chr2	84000000	86000000	246	0.536008091335	1428748	643	0.000126853833147	0.000115312589469	-0.380630061399	839	0.000165521564557	0.000145206263032	-0.513888246623
chr2	86000000	88000000	247	0.53353854238	1690565	669	0.000111543046442	0.000102469635268	-0.340360905229	922	0.000153725992256	0.000131513179882	-0.60514368385
chr2	88000000	90000000	248	0.532093524985	1551200	817	0.000148457628196	0.000133597757933	-0.419065504989	1100	0.000199881751549	0.000180237371407	-0.411751157457
chr2	90000000	92000000	249	0.531592254924	1410133	675	0.000134924853173	0.000125131907117	-0.303700587731	966	0.00019309245654	0.000163500814985	-0.641878920775
chr2	92000000	94000000	250	0.53203950787	1609991	808	0.000141460819564	0.00012836619649	-0.387537074701	963	0.000168597486684	0.000148582066281	-0.497232959904
chr2	94000000	96000000	251	0.533450353533	1426194	1014	0.000200404563745	0.000183484301944	-0.353667837684	1365	0.000269775374273	0.000240821301125	-0.449826938476
chr2	96000000	98000000	252	0.536231762004	955917	616	0.000181638867058	0.000169801132811	-0.272614547969	875	0.000258009754344	0.000236185447283	-0.354202046623
chr2	98000000	100000000	253	0.539136988594	1456578	796	0.000154037896363	0.000136896204666	-0.465870006775	1081	0.00020918965574	0.000180455401922	-0.575458646304
chr2	100000000	102000000	254	0.543576103671	1603558	897	0.000157672526845	0.000147724130045	-0.264222937593	1137	0.000199859156102	0.000179213316493	-0.432819054668
chr2	102000000	104000000	255	0.548650119419	1413344	860	0.000171513705203	0.000160109268292	-0.278421486737	1197	0.000238723145497	0.000216083274843	-0.397392216089
chr2	104000000	106000000	256	0.554929073063	1468844	747	0.000143348510822	0.000131567839457	-0.343983029383	962	0.000184606783683	0.000160778064067	-0.540627720951
chr2	106000000	108000000	257	0.56225150559	1466108	914	0.000175722951654	0.000160137552874	-0.371434842791	1290	0.000248011605727	0.000227333004691	-0.349419052521
chr2	108000000	110000000	258	0.570285370888	1458147	926	0.000179002021433	0.000161928659781	-0.399454973076	1129	0.00021824328531	0.000192316903433	-0.497729003595
chr2	110000000	112000000	259	0.579306275983	1431586	1046	0.000205950333382	0.000190396120843	-0.316381006177	1398	0.000275256755323	0.000243109096448	-0.489514966212
chr2	112000000	114000000	260	0.589444860712	1400610	935	0.000188166646713	0.000171350152321	-0.374291064838	1226	0.000246729742107	0.000215169405511	-0.536017446297
chr2	114000000	116000000	261	0.600535644702	1531258	828	0.000152415881966	0.000135784467824	-0.456860763944	1161	0.000213713573626	0.000193339483992	-0.399448990042
chr2	116000000	118000000	262	0.612475455746	1533824	743	0.000136540516763	0.000122452805949	-0.431849264655	999	0.000183585432363	0.00015905550956	-0.559680194052
chr2	118000000	120000000	263	0.6256316106	1360639	768	0.000159098674871	0.000143550973206	-0.409067200468	1023	0.000211924406762	0.000184657820023	-0.538957067053
chr2	120000000	122000000	264	0.638468221711	1381154	735	0.000150000770869	0.000132379765113	-0.491673216805	1043	0.000212858236756	0.000186967983981	-0.509528030264
chr2	122000000	124000000	265	0.65476265374	1374085	856	0.000175593495103	0.000168923894427	-0.159042781009	1139	0.000233646017433	0.000209777875153	-0.428015583337
chr2	124000000	126000000	266	0.669765032316	1439226	852	0.000166862542277	0.000156059759314	-0.271077904632	1281	0.000250881357579	0.000227527266666	-0.390109752824
chr2	126000000	128000000	267	0.685551222597	1386508	616	0.000125229483625	0.000115955828751	-0.309765870307	818	0.000166294996112	0.000148692368089	-0.443168792037
chr2	128000000	130000000	268	0.704734696902	1425712	666	0.000131671166037	0.000114258700214	-0.553317960891	863	0.000170618943378	0.000150207497432	-0.500931227111
chr2	130000000	132000000	269	0.723507961465	1407063	578	0.000115787733479	0.000106193576714	-0.346522947705	779	0.000156053017959	0.000127391146254	-0.768855827663
chr2	132000000	134000000	270	0.742925436281	1845640	676	0.000103239991326	9.42220584729e-05	-0.36549828867	1095	0.000167230459322	0.000148318255599	-0.47379714552
chr2	134000000	136000000	271	0.762795401828	1314291	941	0.000201811702829	0.000193440297548	-0.173730136566	1282	0.000274944317776	0.000246849121654	-0.428233001869
chr2	136000000	138000000	272	0.784898667532	1870524	538	8.1071320742e-05	6.72032345791e-05	-0.715179035972	762	0.000114825922687	9.59230225271e-05	-0.689086519963
chr2	138000000	140000000	273	0.806455210399	1401401	574	0.000115451007374	0.000101004186825	-0.523300118102	911	0.000183233219021	0.00016563124293	-0.402297183516
chr2	140000000	142000000	274	0.831603397069	1555783	739	0.000133888622729	0.000122135149615	-0.367425171569	972	0.000176102491601	0.000153698203819	-0.532869789396
chr2	142000000	144000000	275	0.855389288301	1469634	830	0.000159190504446	0.000142072609127	-0.450215960703	1220	0.000233990861957	0.000204888105689	-0.521182950179
chr2	144000000	146000000	276	0.880631291339	1464236	1028	0.000197892935942	0.000182502216712	-0.325789835034	1411	0.00027162152978	0.000248669289866	-0.354178167291
chr2	146000000	148000000	277	0.908277173284	1547195	836	0.00015230335897	0.000152891284925	0.0161625198227	1171	0.000213334011189	0.00019530420161	-0.354122304252
chr2	148000000	150000000	278	0.93351348071	1130141	787	0.000196286467355	0.00019983999202	0.0757868645519	1005	0.000250658068223	0.000234842610929	-0.26429426449
chr3	16000000	18000000	288	1.32751532648	1419086	361	7.17045548101e-05	6.7556456094e-05	-0.241381325598	449	8.91837814674e-05	7.85049413199e-05	-0.500211786167
chr3	18000000	20000000	289	1.26413992649	1678764	739	0.000124080360989	0.000111717530529	-0.417024170092	960	0.000161186937144	0.000137742316434	-0.609195325849
chr3	20000000	22000000	290	1.18044738214	1412341	695	0.000138705440269	0.0001215823866	-0.516597765887	924	0.000184408383898	0.00016210115352	-0.506605021466
chr3	22000000	24000000	291	1.09719488632	1502549	806	0.00015120099719	0.00013631572257	-0.41215037083	1091	0.000204665369646	0.000177498371101	-0.556108823553
chr3	24000000	26000000	292	1.02741238213	1560661	605	0.000109268518372	9.83658779669e-05	-0.417347474516	752	0.0001358180592	0.00010985898384	-0.800019065212
chr3	32000000	34000000	296	0.748991042772	1219799	295	6.81682272957e-05	5.63595874575e-05	-0.721827630654	445	0.000102830037785	7.99398313294e-05	-0.929879006113
chr3	34000000	36000000	297	0.702826015984	1391734	664	0.000134480742907	0.000117309168199	-0.534257826207	933	0.000188961646283	0.000157176133098	-0.704482186743
chr3	36000000	38000000	298	0.648998443813	1430547	816	0.000160781577429	0.000145586563079	-0.395669718544	1006	0.00019821846433	0.000175718577726	-0.475471881306
chr3	38000000	40000000	299	0.602045466098	1514013	799	0.000148752896999	0.000133997319845	-0.415273207728	1067	0.00019864748573	0.000169344301326	-0.617980209886
chr3	40000000	42000000	300	0.55778827933	1399903	776	0.000156247124817	0.000148036572609	-0.219972373248	1146	0.000230746398248	0.000217225576945	-0.245511932869
chr3	42000000	44000000	301	0.517213928663	1436735	781	0.000153222526654	0.000135489953189	-0.484467685264	1089	0.000213648311813	0.000193776349263	-0.389674672566
chr3	44000000	46000000	302	0.479682721717	1480279	975	0.000185656130719	0.000173299478644	-0.278772544549	1373	0.000261441915362	0.000237202794736	-0.388583016985
chr3	46000000	48000000	303	0.448200469612	1447496	804	0.000156562206669	0.000143492806307	-0.349477553593	1123	0.000218680793643	0.000191772187062	-0.515546660382
chr3	48000000	50000000	304	0.421610325932	1359447	874	0.000181216362779	0.000170080767749	-0.257312865355	1185	0.000245699530771	0.000224816646614	-0.356137758819
chr3	50000000	52000000	305	0.396815331179	1454794	877	0.000169920723873	0.000154020721183	-0.391832143959	1079	0.000209058678517	0.000185947831427	-0.463127349679
chr3	52000000	54000000	306	0.377231295753	1486076	734	0.000139220534533	0.000126458078718	-0.38367945004	1001	0.000189863426522	0.000167792650967	-0.48692285616
chr3	54000000	56000000	307	0.360852565696	1326022	866	0.000184083736044	0.000167842734053	-0.369430551154	1270	0.000269961137155	0.000240628697992	-0.455336754519
chr3	56000000	58000000	308	0.349015388289	1433968	810	0.000159218605697	0.000151904586287	-0.192318750257	1141	0.000224282011236	0.000200551344609	-0.443318965137
chr3	58000000	60000000	309	0.340948667017	1474505	961	0.000183706869058	0.00016628952553	-0.397100789102	1233	0.000235702986002	0.000215183721781	-0.36480427839
chr3	60000000	62000000	310	0.337170615694	1448912	745	0.00014493141116	0.000129044196066	-0.458819633625	1075	0.000209129217445	0.000183324489432	-0.516932751908
chr3	62000000	64000000	311	0.337216875028	1429081	913	0.000180078634866	0.000165745089253	-0.333336991957	1321	0.000260551891191	0.000233996533437	-0.42714244143
chr3	64000000	66000000	312	0.3414618424	1419842	951	0.000188794246713	0.000185031707383	-0.083469168559	1182	0.000234652786135	0.000208436832	-0.468133562278
chr3	66000000	68000000	313	0.349280538448	1528923	835	0.000153939162319	0.000140683825701	-0.360525673179	1168	0.000215330468968	0.000188540010121	-0.521308508427
chr3	68000000	70000000	314	0.36172830045	1453835	604	0.000117103554076	0.00010735671336	-0.348138734405	905	0.000175461451057	0.000150281297758	-0.60097927069
chr3	70000000	72000000	315	0.378465990745	1434368	895	0.00017587767057	0.000166099193806	-0.232826051837	1227	0.00024111944334	0.000220768420583	-0.353682397486
chr3	72000000	74000000	316	0.397370440095	1486186	746	0.000141486146699	0.000131180010266	-0.304888062927	991	0.000187952776647	0.000162847081477	-0.559497013322
chr3	74000000	76000000	317	0.422929300876	1936656	905	0.000131717764382	0.000117584667918	-0.449340755795	1293	0.000188189026902	0.000164583749134	-0.525670937877
chr3	76000000	78000000	318	0.44925359292	1701167	704	0.000116647105617	0.000105373484635	-0.404456457201	952	0.000157738699642	0.000134860982274	-0.607448245401
chr3	78000000	80000000	319	0.483832708242	1412095	723	0.000144318710389	0.000133072156134	-0.326147978857	1018	0.000203203938002	0.000172587911094	-0.631126626176
chr3	80000000	82000000	320	0.517959148546	1496614	772	0.000145397103278	0.000130097181476	-0.440488835146	1133	0.0002133871995	0.000186593132723	-0.526096219646
chr3	82000000	84000000	321	0.559149228746	1420877	724	0.000143625098413	0.000128367717151	-0.444599865229	1063	0.000210874971842	0.00018746020573	-0.465162016084
chr3	84000000	86000000	322	0.604339729009	1454766	756	0.000146479520786	0.000131954663427	-0.415059447831	1119	0.000216812941482	0.000187206812136	-0.572111666158
chr3	86000000	88000000	323	0.650903884449	1419995	745	0.000147882817057	0.000130304387654	-0.497529794329	1093	0.000216960965158	0.000185708585705	-0.603483742943
chr3	88000000	90000000	324	0.702110747819	1326760	707	0.000150201856822	0.00013345133614	-0.466703500521	1024	0.000217548375369	0.000190166468056	-0.527245805473
chr3	90000000	92000000	325	0.763121531595	1334421	818	0.000172786056626	0.000151873477632	-0.506721977394	1151	0.000243125612686	0.000215062720481	-0.483626172172
chr3	92000000	94000000	326	0.819311686584	1556371	726	0.000131483648938	0.000121696731151	-0.311528283367	995	0.000180201419688	0.00015488121507	-0.588555115291
chr3	94000000	96000000	327	0.886504512207	1593534	762	0.000134785102927	0.000121841074453	-0.401987753573	1002	0.000177237103849	0.000161567407972	-0.370331585587
chr3	96000000	98000000	328	0.952154231003	1501018	666	0.000125065230046	0.000107053662038	-0.60258748588	841	0.000157927715418	0.000132569678501	-0.672295141615
chr3	98000000	100000000	329	1.02860649374	1443501	637	0.000124385741839	0.000115687302497	-0.292557254509	907	0.000177108112791	0.000156283048534	-0.492417021151
chr3	100000000	102000000	330	1.10329650467	1403049	855	0.000171767713107	0.000162829590939	-0.217884332673	1226	0.000246300837741	0.000229488927704	-0.286028937022
chr3	102000000	104000000	331	1.18180198138	1440809	798	0.000156115036922	0.000150511202204	-0.150273440971	1138	0.000222630215561	0.000200632897359	-0.413984651656
chr3	104000000	106000000	332	1.26589243727	1490261	770	0.000145638650614	0.000133134573848	-0.359395991077	1100	0.000208055215162	0.000180660688931	-0.551638835633
chr3	106000000	108000000	333	1.35639209436	1414028	722	0.000143922086221	0.00013345228182	-0.304457829415	1055	0.000210301663383	0.000191729248866	-0.369963017676
chr3	108000000	110000000	334	1.44821945801	1343303	931	0.000195354740222	0.000197623634469	0.0486410069978	1307	0.000274252035951	0.000254737370261	-0.298207328993
chr3	110000000	111636321	335	1.5314798993	859546	570	0.000186919232639	0.000182005506701	-0.10993135991	738	0.000242011216996	0.000218469064513	-0.407150796087
chr4A	0	2000000	336	9.44322787831	1276240	395	8.72394664555e-05	8.78732592781e-05	0.0303292314542	338	7.46504801569e-05	7.01567433283e-05	-0.251071864994
chr4A	2000000	4000000	337	6.09781275539	1431633	439	8.64332965147e-05	8.28387839915e-05	-0.173710680895	188	3.70147146806e-05	3.55574809731e-05	-0.16336429459
chr4A	4000000	6000000	338	3.39592386881	1332341	503	0.000106414510058	9.89394251408e-05	-0.293601266217	546	0.000115511575531	0.000106847942634	-0.313592670761
chr4A	6000000	8000000	339	1.90866516303	1529148	629	0.000115944294362	0.000106347490649	-0.346256846831	905	0.000166819692206	0.000149873620715	-0.425406927518
chr4A	8000000	10000000	340	0.87422744225	1359860	534	0.000110686668269	9.2281171359e-05	-0.695191568353	759	0.000157324309394	0.000131379623444	-0.690292097552
chr4A	10000000	12000000	341	0.432850568224	1299661	339	7.35220941516e-05	5.39776384603e-05	-1.10875855293	456	9.8896976204e-05	7.38978127859e-05	-1.0560649133
chr4A	12000000	14000000	342	0.828742727346	1274993	286	6.32275698617e-05	5.38620088193e-05	-0.617081150484	358	7.91450000367e-05	6.21510120159e-05	-0.89588277471
chr4A	14000000	16000000	343	1.44427931615	1362472	378	7.82010296492e-05	6.85093750647e-05	-0.517255017789	543	0.000112336399734	8.59158167924e-05	-0.983339872393
chr4	0	2000000	346	2.83211033898	333044	248	0.000209893178474	0.000203671523725	-0.123343916714	287	0.000242900573475	0.000223773182491	-0.328060286809
chr4	2000000	4000000	347	2.68065725728	877161	705	0.000226546866919	0.000226892272492	0.00638051169411	799	0.000256753115842	0.000242426838883	-0.233593505336
chr4	4000000	6000000	348	2.42306941293	1124681	770	0.000192978810082	0.000180467546845	-0.271387463006	934	0.000234080790411	0.000210899567826	-0.414749726616
chr4	6000000	8000000	349	2.24308569277	1085589	609	0.000158124846142	0.000150003459194	-0.214833284128	788	0.00020460160716	0.000177652771663	-0.551388194151
chr4	10000000	12000000	351	1.79117724211	1281502	642	0.000141209526625	0.000125440796486	-0.467180264539	830	0.000182560602957	0.000157602891804	-0.572381215551
chr4	12000000	14000000	352	1.62595471801	1587174	791	0.000140475375069	0.000129747323827	-0.319706690113	986	0.000175105840478	0.000155622508937	-0.466049424803
chr4	14000000	16000000	353	1.45679117545	1566166	898	0.000161616911244	0.000150592358396	-0.285659590809	1249	0.000224787886574	0.000195445438095	-0.547011664199
chr4	16000000	18000000	354	1.29982650574	1516289	1145	0.000212849071341	0.000200576261483	-0.241588346892	1408	0.000261739294715	0.000235637623726	-0.417983216461
chr4	18000000	20000000	355	1.16059545318	1509971	964	0.000179952002916	0.000166845309577	-0.305058948659	1353	0.00025256748957	0.000234263822913	-0.30373339401
chr4	20000000	22000000	356	1.02823628553	1471771	882	0.000168918260807	0.000166151420367	-0.0685903290906	1206	0.000230969866817	0.00021316245244	-0.32306613362
chr4	22000000	24000000	357	0.916523962608	1444893	911	0.000177717807733	0.000166167831696	-0.272169786467	1205	0.000235071304411	0.000211201215519	-0.425500089335
chr4	24000000	26000000	358	0.818608892139	1328790	698	0.000148063267372	0.000138705533843	-0.26448072861	885	0.000187730647026	0.000170919249448	-0.374996900868
chr4	28000000	30000000	360	0.648706381233	1416726	1186	0.000235964724032	0.000222789430664	-0.233962234317	1494	0.000297243927238	0.000277764217974	-0.274705898016
chr4	30000000	32000000	361	0.590330079276	1352116	850	0.000177195721408	0.000168663510807	-0.201615087636	1242	0.000258914218811	0.000234521298468	-0.394799623271
chr4	32000000	34000000	362	0.542836390702	1434974	1036	0.000203499797102	0.000188670207338	-0.305267962117	1471	0.000288946140479	0.000257969097258	-0.449377757207
chr4	34000000	36000000	363	0.509971678036	1609079	1004	0.000175875199582	0.000159793927229	-0.383003314001	1358	0.00023788697314	0.000211837428675	-0.458948509412
chr4	36000000	38000000	364	0.48899872982	1478156	696	0.000132720260803	0.000116578394047	-0.508959588237	928	0.000176960347737	0.000148834087877	-0.665648516961
chr4	38000000	40000000	365	0.482297839071	1368495	892	0.000183725694098	0.000170317719369	-0.305605224494	1334	0.00027476465911	0.000241294653116	-0.510524701565
chr4	40000000	42000000	366	0.488803503489	1363684	877	0.000181273410531	0.000170038621388	-0.259525497561	1275	0.000263538880761	0.00023050563188	-0.525285385353
chr4	42000000	44000000	367	0.509707193234	1354405	662	0.00013777096439	0.000118572167736	-0.583059464477	880	0.000183139650549	0.00015195252761	-0.713092466383
chr4	44000000	46000000	368	0.541895216431	1377691	803	0.000164290322207	0.000157869026394	-0.163628812613	1125	0.000230170127625	0.000207173490015	-0.418604896141
chr4	46000000	48000000	369	0.596365032163	1846714	536	8.18113210469e-05	7.44765253879e-05	-0.374829286941	820	0.000125159110557	0.000107245968558	-0.599215419969
chr4	48000000	50000000	370	0.652488415576	1610189	804	0.000140743209588	0.000129814770682	-0.325073252585	1110	0.000194309655029	0.000168832746702	-0.549325555028
chr4	50000000	52000000	371	0.726988330023	1915640	552	8.12219549211e-05	6.85438094621e-05	-0.652668389685	735	0.000108148798672	8.83200777203e-05	-0.767383312262
chr4	52000000	54000000	372	0.810988307604	1449082	752	0.000146276020328	0.00013160419021	-0.419836111916	1087	0.000211438875129	0.000181679450199	-0.589656333575
chr4	54000000	56000000	373	0.921686266554	1423397	600	0.000118815598946	0.000103303649834	-0.546060757405	996	0.00019723389425	0.000164528570514	-0.694569967372
chr4	56000000	58000000	374	1.03447440121	1463024	664	0.000127927786727	0.000110913027437	-0.556495673066	895	0.000172432784821	0.000152308901937	-0.488723260432
chr4	58000000	60000000	375	1.15860880192	1501559	825	0.000154867327725	0.00014420801454	-0.288170911666	1135	0.000213059899356	0.000190100667653	-0.451494045355
chr4	60000000	62000000	376	1.30998702185	1573347	739	0.00013239396213	0.000115017957192	-0.549323417752	962	0.000172345049485	0.000151390299587	-0.509247526267
chr4	62000000	64000000	377	1.46356483298	1742748	863	0.000139580406921	0.000124368012623	-0.456356978476	1150	0.000185999383499	0.000165168669493	-0.469245386096
chr4	64000000	66000000	378	1.63165493881	1538432	1050	0.000192379703758	0.00019075813624	-0.0353105215072	1406	0.00025760558427	0.000244921281436	-0.206381053256
chr4	66000000	68000000	379	1.76095594814	491069	367	0.000210655014953	0.000199221655098	-0.226488554719	434	0.00024911247	0.000249573674447	0.00773287037297
chr5	4000000	6000000	383	2.32135716208	1396650	909	0.000183452888802	0.000183163848834	-0.00659812926938	1234	0.000249043855645	0.000229628415362	-0.326689565335
chr5	12000000	14000000	387	0.842096055546	1351017	377	7.8655445236e-05	6.72086287589e-05	-0.607391260028	466	9.72239720954e-05	7.75984625695e-05	-0.843413180404
chr5	14000000	16000000	388	0.589643047503	1521907	456	8.44549259516e-05	7.73994316618e-05	-0.349020238326	645	0.000119459270261	9.78792777054e-05	-0.755770768217
chr5	16000000	18000000	389	0.347039902847	1478591	579	0.000110377044933	0.000103676227464	-0.253886499781	777	0.000148122562889	0.000133519717509	-0.412691625883
chr5	18000000	20000000	390	0.147689372584	1441082	796	0.0001556942707	0.000146746461486	-0.240592859651	1069	0.000209091928868	0.000187943576606	-0.423724681023
chr5	20000000	22000000	391	0.0191320815687	1929375	750	0.000109570305858	0.00010263209043	-0.265045336511	1063	0.000155297646837	0.00013999079331	-0.41291485667
chr5	22000000	24000000	392	0.0	1377872	578	0.0001182407623	0.000100551697415	-0.625641280829	706	0.000144425567793	0.000126373361088	-0.523085107168
chr5	24000000	26000000	393	0.0	1290567	645	0.000140872887362	0.000141325071604	0.0134290924662	854	0.000186520071019	0.00016797186614	-0.416386132301
chr5	26000000	28000000	394	0.0	1351265	702	0.000146434983144	0.000132495729635	-0.398357623912	828	0.000172718185247	0.000149201323438	-0.570067402472
chr5	28000000	30000000	395	0.0	1355272	596	0.000123956142121	0.000110981800196	-0.437778782288	806	0.00016763196401	0.000138585503597	-0.725420597344
chr5	30000000	32000000	396	0.0	1393840	688	0.000139130956876	0.000125639278993	-0.405782261661	954	0.000192922867529	0.000172737488559	-0.438217933544
chr5	32000000	34000000	397	0.0	1457122	842	0.000162878752193	0.000159315489893	-0.0915982973766	1216	0.000235226321457	0.000212527809867	-0.404355974773
chr5	34000000	36000000	398	0.0	1440614	623	0.000121895780663	0.000107461489556	-0.495351362689	897	0.000175506445032	0.000152007554089	-0.560696366091
chr5	36000000	38000000	399	0.0575776021925	1458500	547	0.000105713183179	9.22324666655e-05	-0.533185557441	747	0.000144365169716	0.000122642224347	-0.629819997308
chr5	38000000	40000000	400	0.232494090339	1356580	429	8.91374363997e-05	7.83743329782e-05	-0.504306564481	582	0.00012092771092	0.000103293809277	-0.609848034885
chr5	40000000	42000000	401	0.462803914142	1415586	672	0.000133807751096	0.000122233180427	-0.361944139876	812	0.000161684365908	0.00013629839887	-0.657336755881
chr5	42000000	44000000	402	0.712176762451	1538610	800	0.000146558055294	0.000133904183509	-0.361458440184	1097	0.000200967733322	0.000178243588967	-0.473727371769
chr5	44000000	46000000	403	0.971842542867	1356864	488	0.000101375208251	8.5374883012e-05	-0.659601561182	666	0.000138352230933	0.000117868540213	-0.619479894448
chr5	46000000	48000000	404	1.33696357726	1349316	625	0.000130561341738	0.000119584956183	-0.351686915	839	0.000175265545148	0.000153028801649	-0.53122026417
chr5	48000000	50000000	405	1.67669798594	1572962	700	0.000125437695427	0.000106861751068	-0.619722721008	873	0.000156438725868	0.00012959793789	-0.718447807959
chr5	50000000	52000000	406	2.0647164459	1416368	652	0.000129753698832	0.000115097949566	-0.472566328048	885	0.000176122735378	0.000159838031983	-0.387189407313
chr5	52000000	54000000	407	2.53116866935	1436985	739	0.000144957423449	0.000130964997437	-0.404016330394	1108	0.000217338058433	0.000196672748479	-0.398365801541
chr5	54000000	56000000	408	3.00952113381	1459014	845	0.000163247112083	0.000160537401142	-0.0695001140724	1154	0.000222943393306	0.000203594597736	-0.363638254761
chr5	56000000	58000000	409	3.51641706848	1380365	890	0.000181737406063	0.000176097588224	-0.129952859152	1164	0.000237688023211	0.000220525196711	-0.302551181541
chr5	58000000	60000000	410	4.04270256755	1217569	806	0.000186590581008	0.000177541002648	-0.203044919324	978	0.000226408918394	0.000211033106478	-0.284450043026
chr5	60000000	61875929	411	4.48541741217	425854	314	0.000207834276798	0.00020035282663	-0.150064481975	390	0.000258138114495	0.000255091132048	-0.049273585186
chr6	0	2000000	412	5.65667318293	994363	611	0.000173198653633	0.000159604956297	-0.328299088085	722	0.000204663548155	0.000200445701895	-0.0862514234295
chr6	2000000	4000000	413	4.41841382022	457879	333	0.000204994290492	0.000184627034883	-0.414354220623	379	0.00023331182011	0.000216030412999	-0.309149270044
chr6	4000000	6000000	414	2.68067131718	1301193	493	0.000106795624191	8.54923944896e-05	-0.833674170024	691	0.000149687173054	0.000109450165712	-1.12485866651
chr6	6000000	8000000	415	1.73431871922	1439097	334	6.54191137554e-05	5.74629346334e-05	-0.507211876608	431	8.44180779299e-05	7.13276231005e-05	-0.647659559972
chr6	8000000	10000000	416	0.711995331012	1464641	326	6.2738577886e-05	4.85766603701e-05	-0.941255349394	440	8.46778351836e-05	6.24618664412e-05	-1.09589265851
chr6	10000000	12000000	417	0.158616042273	1412909	396	7.90003930055e-05	6.33854655444e-05	-0.825170826272	493	9.8351499373e-05	8.17089907567e-05	-0.707199849232
chr6	12000000	14000000	418	0.0	1327101	594	0.000126162627729	0.000118191932324	-0.264239376882	795	0.00016885402196	0.000160409002305	-0.20937575955
chr6	14000000	16000000	419	0.0	1348204	606	0.000126696690385	0.00011362875117	-0.43142527552	826	0.000172692188544	0.000145870475013	-0.650273336854
chr6	20000000	22000000	422	0.567318852244	1439128	475	9.30341606965e-05	8.1796608414e-05	-0.504731803222	630	0.000123392676292	0.000104204183293	-0.650541526147
chr6	22000000	24000000	423	1.26501145296	1753571	774	0.000124413028927	0.000111768920016	-0.425428911685	1008	0.000162026270231	0.000151432344867	-0.273881041969
chr6	24000000	26000000	424	2.28819364311	1527391	809	0.000149295442989	0.000130642451909	-0.52307000073	1134	0.000209271980655	0.000180135173053	-0.583346415549
chr6	26000000	28000000	425	3.4796953851	1472816	898	0.00017186051171	0.000163892984953	-0.194143144091	1198	0.000229274936558	0.000214772960527	-0.265039869861
chr6	28000000	30000000	426	4.92505233774	1349457	896	0.000187153182496	0.000178434343358	-0.195089415519	1304	0.000272374720954	0.000251102948504	-0.32729717535
chr6	30000000	32000000	427	6.64031325985	1326252	835	0.000177463352267	0.00017504016463	-0.0571706220684	1017	0.000216143987132	0.000196057048458	-0.389286609979
chr7	0	2000000	429	4.45420952135	525296	325	0.00017439238799	0.000166462537813	-0.18960448417	392	0.000210344049514	0.00019211223667	-0.361833155297
chr7	34000000	36000000	446	5.48400102999	1384917	741	0.000150814368196	0.000142657228594	-0.22638362783	925	0.000188263550042	0.000168666767528	-0.43593741439
chr7	36000000	37653027	447	6.57882635104	654009	304	0.000131020157205	0.000123618128223	-0.235463192248	379	0.000163344209147	0.000150577358061	-0.326216494099
chr9	4000000	6000000	466	0.731178890488	1114449	229	5.79193315324e-05	4.5979766919e-05	-0.857157161796	316	7.99236190578e-05	6.05302662902e-05	-1.01159365792
chr9	6000000	8000000	467	0.26889821819	1409593	627	0.000125378209605	0.00011556900691	-0.32728640113	917	0.000183368131113	0.00015935917598	-0.548335072359
chr9	8000000	10000000	468	0.101333118228	1447847	789	0.000153604022888	0.00014031723983	-0.362113975796	1009	0.000196434041944	0.000169344005635	-0.577675926033
chr9	10000000	12000000	469	0.213437689202	1427990	782	0.000154358249318	0.000141037402223	-0.361259456868	1039	0.000205087239184	0.000183876416649	-0.433249031826
chr9	12000000	14000000	470	0.596656774069	1630823	633	0.000109407007555	9.85004762045e-05	-0.417034715379	851	0.000147085882195	0.000131415726583	-0.446085729804
chr9	14000000	16000000	471	1.26357853682	1526760	635	0.000117233359209	0.000100532810451	-0.595957049985	865	0.000159695835773	0.000137946059836	-0.570289442201
chr9	16000000	18000000	472	2.33998934945	1373300	515	0.000105703670056	9.47659690258e-05	-0.432536356929	717	0.000147164138699	0.000126755759274	-0.580381226102
chr9	18000000	20000000	473	3.67094537658	1458752	816	0.000157672862314	0.000153624468038	-0.107496378937	1232	0.000238055105846	0.000210439435468	-0.486116861008
chr9	20000000	22000000	474	5.16455403279	1609123	870	0.000152397649082	0.000144331644269	-0.221625984281	1176	0.000205999580828	0.000183938050335	-0.4487402307
chr9	22000000	24000000	475	7.00726318299	1054096	893	0.000238791877928	0.000231797523286	-0.122658255375	993	0.00026553228979	0.000242622463629	-0.361393767504
